 54| 1 0 0 3
 54| 2 0 0 1
 27| to [1,0) [0,0) [0,0)
 28| fl [0,1) [0,1) [0,1)
 29| fr [0,0) [0,0) [0,0)
 54| 1 1 0 3
 54| 3 1 1 3
 54| 6 1 1 2
 27| to [2,0) [0,0) [0,0)
 28| fl [1,2) [1,2) [1,2)
 29| fr [0,0) [0,0) [0,0)
 27| to [1,0) [0,0) [0,0)
 28| fl [0,1) [0,1) [0,1)
 29| fr [2,0) [1,0) [1,0)
 54| 1 2 0 3
 54| 3 2 1 3
 54| 7 2 2 3
 27| to [2,3) [1,0) [1,0)
 28| fl [1,2) [1,2) [1,2)
 29| fr [2,3) [2,3) [2,3)
 27| to [1,3) [0,0) [1,0)
 28| fl [0,1) [0,1) [0,1)
 29| fr [2,3) [1,3) [2,3)
 75| [0,1) -> 1 [0,3)
 75| [0,1) -> 2 [0,1)
 78| seg[root] [0,1) [0,1) [0,1)
 79| ans [0,1) [0,1) [0,1)
 75| [0,1) -> 3 [1,3)
 82| fail on 3
 92| got 1 0 on 1
