-----0
0 0 0 0
-----1
0 0 0 1
-----2
0 0 3 1
-----3
0 1 3 0
-----4
0 0 1 0
-----5
0 0 3 0
-----6
0 1 0 0
-----7
0 1 1 0
-----8
0 1 2 0
-----9
0 1 3 1
-----10
0 0 1 1
-----11
1 0 0 0
-----12
1 0 1 0
-----13
1 0 2 0
-----14
1 0 3 0
-----15
1 0 0 1
-----16
0 1 0 1
-----17
0 1 1 1
-----18
0 1 2 1
-----19
0 2 0 0
-----20
0 2 0 1
-----21
0 2 1 0
-----22
0 2 1 1
-----23
2 3 1 1
-----24
2 3 3 0
-----25
2 2 1 0
-----26
2 2 2 0
-----27
2 2 3 0
-----28
2 2 0 1
-----29
1 2 2 1
-----30
1 2 0 0
-----31
0 2 2 0
-----32
0 2 3 0
-----33
2 2 0 0
-----34
1 2 2 0
-----35
1 2 0 1
-----36
0 2 3 1
-----37
0 3 0 0
-----38
0 3 0 1
-----39
0 3 1 0
-----40
0 3 1 1
-----41
0 3 2 0
-----42
0 3 2 1
-----43
0 3 3 0
-----44
0 3 3 1
-----45
1 0 1 1
-----46
1 0 2 1
-----47
1 0 3 1
-----48
1 1 0 0
-----49
1 1 0 1
-----50
1 3 0 0
-----51
1 3 1 0
-----52
2 3 2 1
-----53
2 3 0 0
-----54
1 3 2 0
-----55
1 3 3 1
-----56
1 2 1 1
-----57
1 2 3 0
-----58
1 1 1 0
-----59
1 1 2 0
-----60
1 1 3 0
-----61
1 3 3 0
-----62
1 2 1 0
-----63
1 2 3 1
-----64
1 1 2 1
-----65
1 1 3 1
-----66
1 3 0 1
-----67
1 3 1 1
-----68
2 3 2 0
-----69
2 3 0 1
-----70
2 0 0 0
-----71
2 0 0 1
-----72
2 0 1 0
-----73
2 0 1 1
-----74
2 0 2 0
-----75
2 0 2 1
-----76
2 0 3 0
-----77
2 0 3 1
-----78
2 1 0 0
-----79
2 1 0 1
-----80
2 1 1 0
-----81
2 1 1 1
-----82
2 1 2 0
-----83
2 1 2 1
-----84
2 1 3 0
-----85
2 1 3 1
-----86
2 3 1 0
-----87
2 3 3 1
-----88
2 2 2 1
-----89
2 2 3 1
-----90
2 2 1 1
1 3 2 1
1 1 1 1
0 2 2 1
0 0 2 1
0 0 2 0
NO
-----0
0 0 0 0
-----1
0 0 0 1
-----2
0 0 1 0
-----3
0 0 1 1
-----4
2 2 0 0
-----5
2 2 1 0
-----6
2 2 2 0
-----7
2 2 3 1
-----8
2 1 1 1
-----9
2 1 3 0
-----10
2 0 1 0
-----11
2 0 2 0
-----12
2 0 3 0
-----13
2 0 0 1
-----14
1 0 2 1
-----15
1 0 0 0
-----16
0 0 2 0
-----17
0 0 3 0
-----18
2 0 0 0
-----19
1 0 2 0
-----20
1 0 0 1
-----21
0 0 3 1
-----22
0 1 0 0
-----23
0 1 0 1
-----24
0 1 1 0
-----25
0 1 1 1
-----26
0 1 2 0
-----27
0 1 2 1
-----28
0 1 3 0
-----29
0 1 3 1
-----30
0 2 0 0
-----31
0 2 0 1
-----32
0 2 1 0
-----33
0 2 1 1
-----34
0 2 2 0
-----35
0 2 2 1
-----36
0 2 3 0
-----37
0 2 3 1
-----38
1 0 3 1
-----39
1 1 3 0
-----40
1 0 1 0
-----41
1 0 3 0
-----42
1 1 0 0
-----43
1 1 1 0
-----44
2 1 2 1
-----45
2 1 0 0
-----46
1 1 2 0
-----47
1 1 3 1
-----48
1 0 1 1
-----49
1 1 0 1
-----50
1 1 1 1
-----51
2 1 2 0
-----52
2 1 0 1
-----53
1 2 0 0
-----54
1 2 0 1
-----55
1 2 1 0
-----56
1 2 1 1
-----57
1 2 2 0
-----58
1 2 2 1
-----59
1 2 3 0
-----60
1 2 3 1
-----61
2 2 3 0
-----62
2 1 1 0
-----63
2 1 3 1
-----64
2 0 2 1
-----65
2 0 3 1
-----66
2 2 0 1
-----67
2 2 1 1
-----68
2 2 2 1
-----69
2 0 1 1
1 1 2 1
0 0 2 1
500 499 0 0
YES
-----0
0 0 0 0
-----1
0 0 0 1
-----2
0 0 3 1
-----3
0 1 3 0
-----4
0 0 1 0
-----5
0 0 3 0
-----6
0 1 0 0
-----7
0 1 1 0
-----8
2 1 1 0
-----9
2 1 2 0
-----10
2 1 3 0
-----11
2 1 0 1
-----12
1 1 2 1
-----13
1 1 0 0
-----14
0 1 2 0
-----15
0 1 3 1
-----16
0 0 1 1
-----17
1 0 0 0
-----18
1 2 0 0
-----19
1 2 1 0
-----20
1 2 2 0
-----21
1 2 3 1
-----22
1 1 1 1
-----23
1 1 3 0
-----24
1 0 1 0
-----25
1 0 2 0
-----26
1 0 3 0
-----27
1 0 0 1
-----28
0 1 0 1
-----29
0 1 1 1
-----30
2 1 0 0
-----31
1 1 2 0
-----32
1 1 0 1
-----33
0 2 0 0
-----34
0 2 0 1
-----35
0 2 1 0
-----36
0 2 1 1
-----37
0 2 2 0
-----38
0 2 2 1
-----39
0 2 3 0
-----40
0 2 3 1
-----41
1 2 3 0
-----42
1 1 1 0
-----43
1 1 3 1
-----44
1 0 2 1
-----45
1 0 3 1
-----46
1 2 0 1
-----47
1 2 1 1
-----48
1 2 2 1
-----49
2 0 0 0
-----50
2 0 0 1
-----51
2 0 1 0
-----52
2 0 1 1
-----53
2 0 2 0
-----54
2 0 2 1
-----55
2 0 3 0
-----56
2 0 3 1
-----57
2 1 1 1
-----58
2 1 2 1
-----59
2 1 3 1
-----60
2 2 0 0
-----61
2 2 0 1
-----62
2 2 1 0
-----63
2 2 1 1
-----64
2 2 2 0
-----65
2 2 2 1
-----66
2 2 3 0
-----67
2 2 3 1
-----68
1 0 1 1
0 1 2 1
0 0 2 1
0 0 2 0
NO
-----0
0 0 0 0
-----1
0 0 0 1
-----2
0 0 3 1
-----3
0 1 3 0
-----4
0 0 1 0
-----5
0 0 3 0
-----6
0 1 0 0
-----7
0 1 1 0
-----8
0 1 2 0
-----9
0 1 3 1
-----10
0 0 1 1
-----11
1 0 0 0
-----12
1 0 1 0
-----13
1 0 2 0
-----14
1 0 3 0
-----15
1 0 0 1
-----16
0 1 0 1
-----17
0 1 1 1
-----18
0 1 2 1
-----19
1 0 1 1
-----20
1 0 2 1
-----21
1 0 3 1
-----22
1 1 0 0
-----23
1 1 0 1
-----24
1 1 1 0
-----25
1 1 1 1
-----26
2 1 2 1
-----27
2 1 0 0
-----28
1 1 2 0
-----29
1 1 3 0
-----30
2 1 2 0
-----31
2 1 0 1
-----32
1 1 3 1
-----33
2 0 0 0
-----34
2 0 0 1
-----35
2 1 1 1
-----36
2 1 3 0
-----37
2 0 1 0
-----38
2 0 2 0
-----39
2 0 3 0
-----40
2 1 1 0
-----41
2 1 3 1
-----42
2 0 2 1
-----43
2 0 3 1
-----44
2 0 1 1
1 1 2 1
0 0 2 1
0 0 2 0
NO
NO
-----0
0 0 0 0
-----1
0 0 0 1
-----2
0 0 3 1
-----3
0 1 3 0
-----4
0 0 1 0
-----5
0 0 3 0
-----6
0 1 0 0
-----7
0 1 1 0
-----8
2 1 1 0
-----9
2 1 2 0
-----10
2 1 3 0
-----11
2 1 0 1
-----12
1 1 2 1
-----13
1 1 0 0
-----14
0 1 2 0
-----15
0 1 3 1
-----16
0 0 1 1
-----17
1 0 0 0
-----18
1 2 0 0
-----19
1 3 1 1
-----20
1 3 3 0
-----21
1 2 1 0
-----22
1 2 2 0
-----23
1 2 3 1
-----24
1 1 1 1
-----25
1 1 3 0
-----26
1 0 1 0
-----27
1 0 2 0
-----28
1 0 3 0
-----29
1 0 0 1
-----30
0 1 0 1
-----31
0 1 1 1
-----32
2 1 0 0
-----33
1 1 2 0
-----34
1 1 0 1
-----35
0 2 0 0
-----36
0 2 0 1
-----37
0 2 1 0
-----38
0 2 1 1
-----39
0 2 2 0
-----40
0 2 2 1
-----41
0 2 3 0
-----42
0 2 3 1
-----43
0 3 0 0
-----44
0 3 0 1
-----45
0 3 1 0
-----46
0 3 1 1
-----47
2 3 1 0
-----48
2 3 2 0
-----49
2 3 3 0
-----50
2 3 0 1
-----51
1 3 2 1
-----52
1 3 0 0
-----53
0 3 2 0
-----54
0 3 3 0
-----55
2 3 0 0
-----56
1 3 2 0
-----57
1 3 0 1
-----58
0 3 3 1
-----59
1 2 3 0
-----60
1 1 1 0
-----61
1 1 3 1
-----62
1 0 2 1
-----63
1 0 3 1
-----64
1 2 0 1
-----65
1 3 1 0
-----66
1 3 3 1
-----67
1 2 2 1
-----68
2 0 0 0
-----69
2 0 0 1
-----70
2 0 1 0
-----71
2 0 1 1
-----72
2 0 2 0
-----73
2 0 2 1
-----74
2 0 3 0
-----75
2 0 3 1
-----76
2 1 1 1
-----77
2 1 2 1
-----78
2 1 3 1
-----79
2 2 0 0
-----80
2 2 0 1
-----81
2 2 1 0
-----82
2 2 1 1
-----83
2 2 2 0
-----84
2 2 2 1
-----85
2 2 3 0
-----86
2 2 3 1
-----87
2 3 1 1
-----88
2 3 2 1
-----89
2 3 3 1
-----90
1 2 1 1
1 0 1 1
0 3 2 1
0 1 2 1
0 0 2 1
0 0 2 0
NO
NO
