 41| E (-1 0) -> -1 1 0
 41| E (3 -1) -> -1 0 1
 41| E (-4 3) -> -1 1 1
 41| E (3 -4) -> -1 1 1
 95| (3)*(1) - (4)*(1) = -1 -> 5
 99| (1)*(3) + (2) = 5
 41| E (-1 0) -> -1 1 0
 41| E (3 -1) -> -1 0 1
 41| E (-13 3) -> -1 1 4
 41| E (3 -13) -> -1 4 1
 95| (3)*(4) - (13)*(1) = -1 -> 4
 99| (4)*(3) + (2) = 14
 41| E (-1 0) -> -1 1 0
 41| E (3 -1) -> -1 0 1
 41| E (-10 3) -> -1 1 3
 41| E (3 -10) -> -1 3 1
 95| (3)*(3) - (10)*(1) = -1 -> -2
 99| (3)*(3) + (2) = 11
 41| E (-1 0) -> -1 1 0
 41| E (4 -1) -> -1 0 1
 41| E (-13 4) -> -1 1 3
 41| E (4 -13) -> -1 3 1
 95| (4)*(3) - (13)*(1) = -1 -> -1
 99| (3)*(4) + (7) = 19
 41| E (-2 0) -> -2 1 0
 41| E (4 -2) -> -2 0 1
 41| E (-10 4) -> -2 1 2
 41| E (4 -10) -> -2 2 1
 95| (4)*(2) - (10)*(1) = -2 -> -7
 41| E (-1 0) -> -1 1 0
 41| E (3 -1) -> -1 0 1
 41| E (-10 3) -> -1 1 3
 41| E (13 -10) -> -1 3 4
 95| (13)*(3) - (10)*(4) = -1 -> -6
 99| (3)*(13) + (6) = 45
112| 0
114| 	1
114| 	2
114| 	3
112| 1
114| 	0
114| 	2
112| 2
114| 	0
114| 	1
114| 	5
114| 	3
112| 3
114| 	0
114| 	2
114| 	4
112| 4
114| 	3
112| 5
114| 	2
 41| E (-2 0) -> -2 1 0
 41| E (2 -2) -> -2 0 1
 95| (2)*(0) - (2)*(1) = -2 -> 1
112| 0
114| 	2
112| 1
114| 	3
112| 2
114| 	0
112| 3
114| 	1
It is possible to move the furniture.
The furniture cannot be moved.
