100
6 0000001
5 300041
6 5811014
3 4474
6 9999999
6 0900005
6 0910731
6 2299028
6 7401936
6 0000001
5 000607
6 4060001
6 2300801
6 2002003
0 1
5 000051
6 6723636
2 202
6 1111111
4 00007
6 0000001
6 0020074
3 5852
1 51
3 0401
3 6542
6 6000001
6 4000301
6 8000004
6 2211112
0 1
6 2835819
6 3700003
6 0009001
1 01
6 3080001
6 4000401
0 8
6 0006601
2 141
0 1
6 7540567
1 09
4 11111
4 20704
6 0221022
6 2200121
6 1221211
5 110011
0 3
6 2121111
0 1
2 201
6 0000001
6 0000001
6 1120111
6 6097392
2 701
5 990001
6 0824016
6 1220021
6 3007011
6 3080081
6 2021002
6 0000606
6 0222001
6 1200121
3 3136
3 0001
6 5812806
6 1111111
1 81
2 291
6 9000021
3 0201
1 01
6 1111202
6 1120221
6 0000001
6 4973653
6 0006801
5 000601
2 617
4 11211
6 0020001
6 6000001
2 651
6 2222002
1 91
6 1210122
4 60092
6 0000001
5 576188
6 4000001
6 1190001
0 2
0 1
0 1
2 081
6 9000009
