==1
0 30 100001
0 29 100002
0 28 100003
0 27 100000
0 26 100001
0 25 100000
0 24 100001
0 23 100000
0 22 100001
0 21 100000
0 20 100000
0 19 100001
0 18 100002
0 17 100003
0 16 100004
0 15 100005
0 14 100006
0 13 100007
0 12 100008
0 11 100009
0 10 100010
0 9 100011
0 8 100012
0 7 100013
0 6 100014
0 5 100015
0 4 100016
0 3 100017
0 2 100018
0 1 100019
0 0 100020
Case Number 1: impossible
==4
0 55 100001
0 54 100002
0 53 100003
0 52 100004
0 51 100005
0 50 100006
0 49 100007
0 48 100008
0 47 100009
0 46 100010
1 55 100000
1 54 100001
1 53 100002
1 52 100003
1 51 100004
1 50 100000
0 45 100000
0 44 100001
0 43 100002
0 42 100003
0 41 100004
1 49 100001
1 48 100002
1 47 100003
1 46 100004
2 55 100000
1 45 100000
0 40 100000
0 39 100001
0 38 100002
0 37 100003
0 36 100004
1 44 100001
1 43 100002
1 42 100003
1 41 100004
2 54 100001
2 53 100002
2 52 100003
2 51 100004
2 50 100000
1 40 100000
0 35 100000
0 34 100001
0 33 100002
0 32 100003
0 31 100004
1 39 100001
1 38 100002
1 37 100003
1 36 100004
2 49 100001
2 48 100002
2 47 100003
2 46 100004
2 45 100000
1 35 100000
0 30 100000
0 29 100001
0 28 100002
0 27 100003
0 26 100004
0 25 100005
0 24 100006
0 23 100007
0 22 100008
0 21 100009
1 34 100001
1 33 100002
1 32 100003
1 31 100004
1 30 100000
1 29 100001
1 28 100002
1 27 100003
1 26 100004
2 44 100001
2 43 100002
2 42 100003
2 41 100004
2 40 100005
2 39 100006
2 38 100007
2 37 100008
2 36 100009
3 54 1
3 53 2
3 52 3
3 51 4
3 50 5
2 35 5
1 25 5
0 20 5
0 19 6
0 18 7
0 17 8
0 16 9
0 15 10
0 14 11
0 13 12
0 12 13
0 11 14
1 24 6
1 23 7
1 22 8
1 21 9
1 20 10
1 19 11
1 18 12
1 17 13
1 16 14
2 34 6
2 33 7
2 32 8
2 31 9
2 30 10
2 29 11
2 28 12
2 27 13
2 26 14
3 49 6
3 48 7
3 47 8
3 46 9
3 45 10
3 44 11
3 43 12
3 42 13
3 41 14
3 40 15
2 25 15
1 15 15
0 10 15
0 9 16
0 8 17
0 7 18
0 6 19
1 14 16
1 13 17
1 12 18
1 11 19
2 24 16
2 23 17
2 22 18
2 21 19
3 39 16
3 38 17
3 37 18
3 36 19
3 35 20
2 20 20
1 10 20
0 5 20
0 4 21
0 3 22
0 2 23
0 1 24
1 9 21
1 8 22
1 7 23
1 6 24
2 19 21
2 18 22
2 17 23
2 16 24
3 34 21
3 33 22
3 32 23
3 31 24
3 30 25
2 15 5
1 5 5
0 0 5
Case Number 2: 5
==5
0 18 100000
0 17 100001
0 16 100002
1 18 100001
1 17 100000
2 18 100000
1 16 100000
0 15 100000
0 14 100001
1 15 100001
2 17 100001
2 16 100000
1 14 100000
0 13 100000
2 15 0
1 13 0
0 12 0
3 17 1
2 14 1
1 12 1
0 11 1
3 16 2
2 13 2
1 11 0
0 10 0
3 15 3
2 12 3
1 10 1
0 9 1
0 8 2
0 7 3
1 9 2
1 8 1
2 11 4
2 10 1
3 14 4
3 13 5
3 12 0
2 9 0
1 7 0
0 6 0
0 5 1
0 4 2
1 6 1
1 5 0
2 8 1
2 7 2
3 11 1
3 10 2
3 9 3
2 6 1
1 4 1
0 3 1
0 2 2
0 1 3
1 3 2
1 2 3
2 5 2
2 4 3
3 8 4
3 7 1
3 6 0
2 3 0
1 1 0
0 0 0
Case Number 3: 0
==0
0 30 100001
0 29 100002
0 28 100003
0 27 100004
0 26 100005
0 25 100006
0 24 100007
0 23 100008
0 22 100009
0 21 100010
0 20 100011
0 19 100012
0 18 100013
0 17 100014
0 16 100015
0 15 100016
0 14 100017
0 13 100018
0 12 100019
0 11 100020
0 10 100021
0 9 100022
0 8 100023
0 7 100024
0 6 100025
0 5 100026
0 4 100027
0 3 100028
0 2 100029
0 1 100030
0 0 100031
Case Number 4: impossible
==1
0 200 100000
0 199 100001
0 198 100002
0 197 100003
0 196 100004
0 195 100005
0 194 100006
0 193 100007
0 192 100008
0 191 100009
0 190 100010
0 189 100011
0 188 100012
0 187 100013
0 186 100014
0 185 100015
0 184 100016
0 183 100017
0 182 100018
0 181 100019
0 180 100020
0 179 100021
0 178 100022
0 177 100023
0 176 100024
0 175 100025
0 174 100026
0 173 100027
0 172 100028
0 171 100029
0 170 100030
0 169 100031
0 168 100032
0 167 100033
0 166 100034
0 165 100035
0 164 100036
0 163 100037
0 162 100038
0 161 100039
0 160 100040
0 159 100041
0 158 100042
0 157 100043
0 156 100044
0 155 100045
0 154 100046
0 153 100047
0 152 100048
0 151 100049
0 150 100050
0 149 100051
0 148 100052
0 147 100053
0 146 100054
0 145 100055
0 144 100056
0 143 100057
0 142 100058
0 141 100059
0 140 100060
0 139 100061
0 138 100062
0 137 100063
0 136 100064
0 135 100065
0 134 100066
0 133 100067
0 132 100068
0 131 100069
0 130 100070
0 129 100071
0 128 100072
0 127 100073
0 126 100074
0 125 100075
0 124 100076
0 123 100077
0 122 100078
0 121 100079
0 120 100080
0 119 100081
0 118 100082
0 117 100083
0 116 100084
0 115 100085
0 114 100086
0 113 100087
0 112 100088
0 111 100089
0 110 100090
0 109 100091
0 108 100092
0 107 100093
0 106 100094
0 105 100095
0 104 100096
0 103 100097
0 102 100098
0 101 100099
0 100 100100
0 99 100101
0 98 100102
0 97 100103
0 96 100104
0 95 100105
0 94 100106
0 93 100107
0 92 100108
0 91 100109
0 90 100110
0 89 100111
0 88 100112
0 87 100113
0 86 100114
0 85 100115
0 84 100116
0 83 100117
0 82 100118
0 81 100119
0 80 100120
0 79 100121
0 78 100122
0 77 100123
0 76 100124
0 75 100125
0 74 100126
0 73 100127
0 72 100128
0 71 100129
0 70 100130
0 69 100131
0 68 100132
0 67 100133
0 66 100134
0 65 100135
0 64 100136
0 63 100137
0 62 100138
0 61 100139
0 60 100140
0 59 100141
0 58 100142
0 57 100143
0 56 100144
0 55 100145
0 54 100146
0 53 100147
0 52 100148
0 51 100149
0 50 100150
0 49 100151
0 48 100152
0 47 100153
0 46 100154
0 45 100155
0 44 100156
0 43 100157
0 42 100158
0 41 100159
0 40 100160
0 39 100161
0 38 100162
0 37 100163
0 36 100164
0 35 100165
0 34 100166
0 33 100167
0 32 100168
0 31 100169
0 30 100170
0 29 100171
0 28 100172
0 27 100173
0 26 100174
0 25 100175
0 24 100176
0 23 100177
0 22 100178
0 21 100179
0 20 100180
0 19 100181
0 18 100182
0 17 100183
0 16 100184
0 15 100185
0 14 100186
0 13 100187
0 12 100188
0 11 100189
0 10 100190
0 9 100191
0 8 100192
0 7 100193
0 6 100194
0 5 100195
0 4 100196
0 3 100197
0 2 100198
0 1 100199
1 200 100001
1 199 100002
1 198 100003
1 197 100004
1 196 100005
1 195 100006
1 194 100007
1 193 100008
1 192 100000
1 191 100001
1 190 100002
1 189 100003
1 188 100004
1 187 100005
1 186 100006
1 185 100007
1 184 100008
1 183 100009
1 182 100010
1 181 100011
1 180 100012
1 179 100013
1 178 100014
1 177 100015
1 176 100016
1 175 100017
1 174 100018
1 173 100019
1 172 100020
1 171 100021
1 170 100022
1 169 100023
1 168 100024
1 167 100025
1 166 100026
1 165 100027
1 164 100028
1 163 100029
1 162 100030
1 161 100031
1 160 100032
1 159 100033
1 158 100034
1 157 100035
1 156 100036
1 155 100037
1 154 100038
1 153 100039
1 152 100040
1 151 100041
1 150 100042
1 149 100043
1 148 100044
1 147 100045
1 146 100046
1 145 100047
1 144 100048
1 143 100049
1 142 100050
1 141 100051
1 140 100052
1 139 100053
1 138 100054
1 137 100055
1 136 100056
1 135 100057
1 134 100058
1 133 100059
1 132 100060
1 131 100061
1 130 100062
1 129 100063
1 128 100064
1 127 100065
1 126 100066
1 125 100067
1 124 100068
1 123 100069
1 122 100070
1 121 100071
1 120 100072
1 119 100073
1 118 100074
1 117 100075
1 116 100076
1 115 100077
1 114 100078
1 113 100079
1 112 100080
1 111 100081
1 110 100082
1 109 100083
1 108 100084
1 107 100085
1 106 100086
1 105 100087
1 104 100088
1 103 100089
1 102 100090
1 101 100091
1 100 100092
1 99 100093
1 98 100094
1 97 100095
1 96 100096
1 95 100097
1 94 100098
1 93 100099
1 92 100100
1 91 100101
1 90 100102
1 89 100103
1 88 100104
1 87 100105
1 86 100106
1 85 100107
1 84 100108
1 83 100109
1 82 100110
1 81 100111
1 80 100112
1 79 100113
1 78 100114
1 77 100115
1 76 100116
1 75 100117
1 74 100118
1 73 100119
1 72 100120
1 71 100121
1 70 100122
1 69 100123
1 68 100124
1 67 100125
1 66 100126
1 65 100127
1 64 100128
1 63 100129
1 62 100130
1 61 100131
1 60 100132
1 59 100133
1 58 100134
1 57 100135
1 56 100136
1 55 100137
1 54 100138
1 53 100139
1 52 100140
1 51 100141
1 50 100142
1 49 100143
1 48 100144
1 47 100145
1 46 100146
1 45 100147
1 44 100148
1 43 100149
1 42 100150
1 41 100151
1 40 100152
1 39 100153
1 38 100154
1 37 100155
1 36 100156
1 35 100157
1 34 100158
1 33 100159
1 32 100160
1 31 100161
1 30 100162
1 29 100163
1 28 100164
1 27 100165
1 26 100166
1 25 100167
1 24 100168
1 23 100169
1 22 100170
1 21 100171
1 20 100172
1 19 100173
1 18 100174
1 17 100175
1 16 100176
1 15 100177
1 14 100178
1 13 100179
1 12 100180
1 11 100181
1 10 100182
1 9 100183
2 200 100001
2 199 100002
2 198 100003
2 197 100004
2 196 100005
2 195 100006
2 194 100007
2 193 100008
2 192 100009
2 191 100010
2 190 100011
2 189 100012
2 188 100000
2 187 100001
2 186 100002
2 185 100003
2 184 100004
2 183 100005
2 182 100006
2 181 100007
2 180 100008
2 179 100009
2 178 100010
2 177 100011
2 176 100012
2 175 100013
2 174 100014
2 173 100015
2 172 100016
2 171 100017
2 170 100018
2 169 100019
2 168 100020
2 167 100021
2 166 100022
2 165 100023
2 164 100024
2 163 100025
2 162 100026
2 161 100027
2 160 100028
2 159 100029
2 158 100030
2 157 100031
2 156 100032
2 155 100033
2 154 100034
2 153 100035
2 152 100036
2 151 100037
2 150 100038
2 149 100039
2 148 100040
2 147 100041
2 146 100042
2 145 100043
2 144 100044
2 143 100045
2 142 100046
2 141 100047
2 140 100048
2 139 100049
2 138 100050
2 137 100051
2 136 100052
2 135 100053
2 134 100054
2 133 100055
2 132 100056
2 131 100057
2 130 100058
2 129 100059
2 128 100060
2 127 100061
2 126 100062
2 125 100063
2 124 100064
2 123 100065
2 122 100066
2 121 100067
2 120 100068
2 119 100069
2 118 100070
2 117 100071
2 116 100072
2 115 100073
2 114 100074
2 113 100075
2 112 100076
2 111 100077
2 110 100078
2 109 100079
2 108 100080
2 107 100081
2 106 100082
2 105 100083
2 104 100084
2 103 100085
2 102 100086
2 101 100087
2 100 100088
2 99 100089
2 98 100090
2 97 100091
2 96 100092
2 95 100093
2 94 100094
2 93 100095
2 92 100096
2 91 100097
2 90 100098
2 89 100099
2 88 100100
2 87 100101
2 86 100102
2 85 100103
2 84 100104
2 83 100105
2 82 100106
2 81 100107
2 80 100108
2 79 100109
2 78 100110
2 77 100111
2 76 100112
2 75 100113
2 74 100114
2 73 100115
2 72 100116
2 71 100117
2 70 100118
2 69 100119
2 68 100120
2 67 100121
2 66 100122
2 65 100123
2 64 100124
2 63 100125
2 62 100126
2 61 100127
2 60 100128
2 59 100129
2 58 100130
2 57 100131
2 56 100132
2 55 100133
2 54 100134
2 53 100135
2 52 100136
2 51 100137
2 50 100138
2 49 100139
2 48 100140
2 47 100141
2 46 100142
2 45 100143
2 44 100144
2 43 100145
2 42 100146
2 41 100147
2 40 100148
2 39 100149
2 38 100150
2 37 100151
2 36 100152
2 35 100153
2 34 100154
2 33 100155
2 32 100156
2 31 100157
2 30 100158
2 29 100159
2 28 100160
2 27 100161
2 26 100162
2 25 100163
2 24 100164
2 23 100165
2 22 100166
2 21 100167
2 20 100168
2 19 100169
2 18 100170
2 17 100171
2 16 100172
2 15 100173
2 14 100174
2 13 100175
3 200 100001
3 199 100002
3 198 100003
3 197 100004
3 196 100005
3 195 100006
3 194 100007
3 193 100008
3 192 100009
3 191 100010
3 190 100011
3 189 100012
3 188 100013
3 187 100014
3 186 100015
3 185 100016
3 184 100000
3 183 100001
3 182 100002
3 181 100003
3 180 100004
3 179 100005
3 178 100006
3 177 100007
3 176 100008
3 175 100009
3 174 100010
3 173 100011
3 172 100012
3 171 100013
3 170 100014
3 169 100015
3 168 100016
3 167 100017
3 166 100018
3 165 100019
3 164 100020
3 163 100021
3 162 100022
3 161 100023
3 160 100024
3 159 100025
3 158 100026
3 157 100027
3 156 100028
3 155 100029
3 154 100030
3 153 100031
3 152 100032
3 151 100033
3 150 100034
3 149 100035
3 148 100036
3 147 100037
3 146 100038
3 145 100039
3 144 100040
3 143 100041
3 142 100042
3 141 100043
3 140 100044
3 139 100045
3 138 100046
3 137 100047
3 136 100048
3 135 100049
3 134 100050
3 133 100051
3 132 100052
3 131 100053
3 130 100054
3 129 100055
3 128 100056
3 127 100057
3 126 100058
3 125 100059
3 124 100060
3 123 100061
3 122 100062
3 121 100063
3 120 100064
3 119 100065
3 118 100066
3 117 100067
3 116 100068
3 115 100069
3 114 100070
3 113 100071
3 112 100072
3 111 100073
3 110 100074
3 109 100075
3 108 100076
3 107 100077
3 106 100078
3 105 100079
3 104 100080
3 103 100081
3 102 100082
3 101 100083
3 100 100084
3 99 100085
3 98 100086
3 97 100087
3 96 100088
3 95 100089
3 94 100090
3 93 100091
3 92 100092
3 91 100093
3 90 100094
3 89 100095
3 88 100096
3 87 100097
3 86 100098
3 85 100099
3 84 100100
3 83 100101
3 82 100102
3 81 100103
3 80 100104
3 79 100105
3 78 100106
3 77 100107
3 76 100108
3 75 100109
3 74 100110
3 73 100111
3 72 100112
3 71 100113
3 70 100114
3 69 100115
3 68 100116
3 67 100117
3 66 100118
3 65 100119
3 64 100120
3 63 100121
3 62 100122
3 61 100123
3 60 100124
3 59 100125
3 58 100126
3 57 100127
3 56 100128
3 55 100129
3 54 100130
3 53 100131
3 52 100132
3 51 100133
3 50 100134
3 49 100135
3 48 100136
3 47 100137
3 46 100138
3 45 100139
3 44 100140
3 43 100141
3 42 100142
3 41 100143
3 40 100144
3 39 100145
3 38 100146
3 37 100147
3 36 100148
3 35 100149
3 34 100150
3 33 100151
3 32 100152
3 31 100153
3 30 100154
3 29 100155
3 28 100156
3 27 100157
3 26 100158
3 25 100159
3 24 100160
3 23 100161
3 22 100162
3 21 100163
3 20 100164
3 19 100165
3 18 100166
3 17 100167
4 200 100001
4 199 100002
4 198 100003
4 197 100004
4 196 100005
4 195 100006
4 194 100007
4 193 100008
4 192 100009
4 191 100010
4 190 100011
4 189 100012
4 188 100013
4 187 100014
4 186 100015
4 185 100016
4 184 100017
4 183 100018
4 182 100019
4 181 100020
4 180 100000
4 179 100001
4 178 100002
4 177 100003
4 176 100004
4 175 100005
4 174 100006
4 173 100007
4 172 100008
4 171 100009
4 170 100010
4 169 100011
4 168 100012
4 167 100013
4 166 100014
4 165 100015
4 164 100016
4 163 100017
4 162 100018
4 161 100019
4 160 100020
4 159 100021
4 158 100022
4 157 100023
4 156 100024
4 155 100025
4 154 100026
4 153 100027
4 152 100028
4 151 100029
4 150 100030
4 149 100031
4 148 100032
4 147 100033
4 146 100034
4 145 100035
4 144 100036
4 143 100037
4 142 100038
4 141 100039
4 140 100040
4 139 100041
4 138 100042
4 137 100043
4 136 100044
4 135 100045
4 134 100046
4 133 100047
4 132 100048
4 131 100049
4 130 100050
4 129 100051
4 128 100052
4 127 100053
4 126 100054
4 125 100055
4 124 100056
4 123 100057
4 122 100058
4 121 100059
4 120 100060
4 119 100061
4 118 100062
4 117 100063
4 116 100064
4 115 100065
4 114 100066
4 113 100067
4 112 100068
4 111 100069
4 110 100070
4 109 100071
4 108 100072
4 107 100073
4 106 100074
4 105 100075
4 104 100076
4 103 100077
4 102 100078
4 101 100079
4 100 100080
4 99 100081
4 98 100082
4 97 100083
4 96 100084
4 95 100085
4 94 100086
4 93 100087
4 92 100088
4 91 100089
4 90 100090
4 89 100091
4 88 100092
4 87 100093
4 86 100094
4 85 100095
4 84 100096
4 83 100097
4 82 100098
4 81 100099
4 80 100100
4 79 100101
4 78 100102
4 77 100103
4 76 100104
4 75 100105
4 74 100106
4 73 100107
4 72 100108
4 71 100109
4 70 100110
4 69 100111
4 68 100112
4 67 100113
4 66 100114
4 65 100115
4 64 100116
4 63 100117
4 62 100118
4 61 100119
4 60 100120
4 59 100121
4 58 100122
4 57 100123
4 56 100124
4 55 100125
4 54 100126
4 53 100127
4 52 100128
4 51 100129
4 50 100130
4 49 100131
4 48 100132
4 47 100133
4 46 100134
4 45 100135
4 44 100136
4 43 100137
4 42 100138
4 41 100139
4 40 100140
4 39 100141
4 38 100142
4 37 100143
4 36 100144
4 35 100145
4 34 100146
4 33 100147
4 32 100148
4 31 100149
4 30 100150
4 29 100151
4 28 100152
4 27 100153
4 26 100154
4 25 100155
4 24 100156
4 23 100157
4 22 100158
4 21 100159
5 200 100001
5 199 100002
5 198 100003
5 197 100004
5 196 100005
5 195 100006
5 194 100007
5 193 100008
5 192 100009
5 191 100010
5 190 100011
5 189 100012
5 188 100013
5 187 100014
5 186 100015
5 185 100016
5 184 100017
5 183 100018
5 182 100019
5 181 100020
5 180 100021
5 179 100022
5 178 100023
5 177 100024
5 176 100000
5 175 100001
5 174 100002
5 173 100003
5 172 100004
5 171 100005
5 170 100006
5 169 100007
5 168 100008
5 167 100009
5 166 100010
5 165 100011
5 164 100012
5 163 100013
5 162 100014
5 161 100015
5 160 100016
5 159 100017
5 158 100018
5 157 100019
5 156 100020
5 155 100021
5 154 100022
5 153 100023
5 152 100024
5 151 100025
5 150 100026
5 149 100027
5 148 100028
5 147 100029
5 146 100030
5 145 100031
5 144 100032
5 143 100033
5 142 100034
5 141 100035
5 140 100036
5 139 100037
5 138 100038
5 137 100039
5 136 100040
5 135 100041
5 134 100042
5 133 100043
5 132 100044
5 131 100045
5 130 100046
5 129 100047
5 128 100048
5 127 100049
5 126 100050
5 125 100051
5 124 100052
5 123 100053
5 122 100054
5 121 100055
5 120 100056
5 119 100057
5 118 100058
5 117 100059
5 116 100060
5 115 100061
5 114 100062
5 113 100063
5 112 100064
5 111 100065
5 110 100066
5 109 100067
5 108 100068
5 107 100069
5 106 100070
5 105 100071
5 104 100072
5 103 100073
5 102 100074
5 101 100075
5 100 100076
5 99 100077
5 98 100078
5 97 100079
5 96 100080
5 95 100081
5 94 100082
5 93 100083
5 92 100084
5 91 100085
5 90 100086
5 89 100087
5 88 100088
5 87 100089
5 86 100090
5 85 100091
5 84 100092
5 83 100093
5 82 100094
5 81 100095
5 80 100096
5 79 100097
5 78 100098
5 77 100099
5 76 100100
5 75 100101
5 74 100102
5 73 100103
5 72 100104
5 71 100105
5 70 100106
5 69 100107
5 68 100108
5 67 100109
5 66 100110
5 65 100111
5 64 100112
5 63 100113
5 62 100114
5 61 100115
5 60 100116
5 59 100117
5 58 100118
5 57 100119
5 56 100120
5 55 100121
5 54 100122
5 53 100123
5 52 100124
5 51 100125
5 50 100126
5 49 100127
5 48 100128
5 47 100129
5 46 100130
5 45 100131
5 44 100132
5 43 100133
5 42 100134
5 41 100135
5 40 100136
5 39 100137
5 38 100138
5 37 100139
5 36 100140
5 35 100141
5 34 100142
5 33 100143
5 32 100144
5 31 100145
5 30 100146
5 29 100147
5 28 100148
5 27 100149
5 26 100150
5 25 100151
6 200 100001
6 199 100002
6 198 100003
6 197 100004
6 196 100005
6 195 100006
6 194 100007
6 193 100008
6 192 100009
6 191 100010
6 190 100011
6 189 100012
6 188 100013
6 187 100014
6 186 100015
6 185 100016
6 184 100017
6 183 100018
6 182 100019
6 181 100020
6 180 100021
6 179 100022
6 178 100023
6 177 100024
6 176 100025
6 175 100026
6 174 100027
6 173 100028
6 172 100000
6 171 100001
6 170 100002
6 169 100003
6 168 100004
6 167 100005
6 166 100006
6 165 100007
6 164 100008
6 163 100009
6 162 100010
6 161 100011
6 160 100012
6 159 100013
6 158 100014
6 157 100015
6 156 100016
6 155 100017
6 154 100018
6 153 100019
6 152 100020
6 151 100021
6 150 100022
6 149 100023
6 148 100024
6 147 100025
6 146 100026
6 145 100027
6 144 100028
6 143 100029
6 142 100030
6 141 100031
6 140 100032
6 139 100033
6 138 100034
6 137 100035
6 136 100036
6 135 100037
6 134 100038
6 133 100039
6 132 100040
6 131 100041
6 130 100042
6 129 100043
6 128 100044
6 127 100045
6 126 100046
6 125 100047
6 124 100048
6 123 100049
6 122 100050
6 121 100051
6 120 100052
6 119 100053
6 118 100054
6 117 100055
6 116 100056
6 115 100057
6 114 100058
6 113 100059
6 112 100060
6 111 100061
6 110 100062
6 109 100063
6 108 100064
6 107 100065
6 106 100066
6 105 100067
6 104 100068
6 103 100069
6 102 100070
6 101 100071
6 100 100072
6 99 100073
6 98 100074
6 97 100075
6 96 100076
6 95 100077
6 94 100078
6 93 100079
6 92 100080
6 91 100081
6 90 100082
6 89 100083
6 88 100084
6 87 100085
6 86 100086
6 85 100087
6 84 100088
6 83 100089
6 82 100090
6 81 100091
6 80 100092
6 79 100093
6 78 100094
6 77 100095
6 76 100096
6 75 100097
6 74 100098
6 73 100099
6 72 100100
6 71 100101
6 70 100102
6 69 100103
6 68 100104
6 67 100105
6 66 100106
6 65 100107
6 64 100108
6 63 100109
6 62 100110
6 61 100111
6 60 100112
6 59 100113
6 58 100114
6 57 100115
6 56 100116
6 55 100117
6 54 100118
6 53 100119
6 52 100120
6 51 100121
6 50 100122
6 49 100123
6 48 100124
6 47 100125
6 46 100126
6 45 100127
6 44 100128
6 43 100129
6 42 100130
6 41 100131
6 40 100132
6 39 100133
6 38 100134
6 37 100135
6 36 100136
6 35 100137
6 34 100138
6 33 100139
6 32 100140
6 31 100141
6 30 100142
6 29 100143
7 200 100001
7 199 100002
7 198 100003
7 197 100004
7 196 100005
7 195 100006
7 194 100007
7 193 100008
7 192 100009
7 191 100010
7 190 100011
7 189 100012
7 188 100013
7 187 100014
7 186 100015
7 185 100016
7 184 100017
7 183 100018
7 182 100019
7 181 100020
7 180 100021
7 179 100022
7 178 100023
7 177 100024
7 176 100025
7 175 100026
7 174 100027
7 173 100028
7 172 100029
7 171 100030
7 170 100031
7 169 100032
7 168 100000
7 167 100001
7 166 100002
7 165 100003
7 164 100004
7 163 100005
7 162 100006
7 161 100007
7 160 100008
7 159 100009
7 158 100010
7 157 100011
7 156 100012
7 155 100013
7 154 100014
7 153 100015
7 152 100016
7 151 100017
7 150 100018
7 149 100019
7 148 100020
7 147 100021
7 146 100022
7 145 100023
7 144 100024
7 143 100025
7 142 100026
7 141 100027
7 140 100028
7 139 100029
7 138 100030
7 137 100031
7 136 100032
7 135 100033
7 134 100034
7 133 100035
7 132 100036
7 131 100037
7 130 100038
7 129 100039
7 128 100040
7 127 100041
7 126 100042
7 125 100043
7 124 100044
7 123 100045
7 122 100046
7 121 100047
7 120 100048
7 119 100049
7 118 100050
7 117 100051
7 116 100052
7 115 100053
7 114 100054
7 113 100055
7 112 100056
7 111 100057
7 110 100058
7 109 100059
7 108 100060
7 107 100061
7 106 100062
7 105 100063
7 104 100064
7 103 100065
7 102 100066
7 101 100067
7 100 100068
7 99 100069
7 98 100070
7 97 100071
7 96 100072
7 95 100073
7 94 100074
7 93 100075
7 92 100076
7 91 100077
7 90 100078
7 89 100079
7 88 100080
7 87 100081
7 86 100082
7 85 100083
7 84 100084
7 83 100085
7 82 100086
7 81 100087
7 80 100088
7 79 100089
7 78 100090
7 77 100091
7 76 100092
7 75 100093
7 74 100094
7 73 100095
7 72 100096
7 71 100097
7 70 100098
7 69 100099
7 68 100100
7 67 100101
7 66 100102
7 65 100103
7 64 100104
7 63 100105
7 62 100106
7 61 100107
7 60 100108
7 59 100109
7 58 100110
7 57 100111
7 56 100112
7 55 100113
7 54 100114
7 53 100115
7 52 100116
7 51 100117
7 50 100118
7 49 100119
7 48 100120
7 47 100121
7 46 100122
7 45 100123
7 44 100124
7 43 100125
7 42 100126
7 41 100127
7 40 100128
7 39 100129
7 38 100130
7 37 100131
7 36 100132
7 35 100133
7 34 100134
7 33 100135
8 200 100001
8 199 100002
8 198 100003
8 197 100004
8 196 100005
8 195 100006
8 194 100007
8 193 100008
8 192 100009
8 191 100010
8 190 100011
8 189 100012
8 188 100013
8 187 100014
8 186 100015
8 185 100016
8 184 100017
8 183 100018
8 182 100019
8 181 100020
8 180 100021
8 179 100022
8 178 100023
8 177 100024
8 176 100025
8 175 100026
8 174 100027
8 173 100028
8 172 100029
8 171 100030
8 170 100031
8 169 100032
8 168 100033
8 167 100034
8 166 100035
8 165 100036
8 164 100000
8 163 100001
8 162 100002
8 161 100003
8 160 100004
8 159 100005
8 158 100006
8 157 100007
8 156 100008
8 155 100009
8 154 100010
8 153 100011
8 152 100012
8 151 100013
8 150 100014
8 149 100015
8 148 100016
8 147 100017
8 146 100018
8 145 100019
8 144 100020
8 143 100021
8 142 100022
8 141 100023
8 140 100024
8 139 100025
8 138 100026
8 137 100027
8 136 100028
8 135 100029
8 134 100030
8 133 100031
8 132 100032
8 131 100033
8 130 100034
8 129 100035
8 128 100036
8 127 100037
8 126 100038
8 125 100039
8 124 100040
8 123 100041
8 122 100042
8 121 100043
8 120 100044
8 119 100045
8 118 100046
8 117 100047
8 116 100048
8 115 100049
8 114 100050
8 113 100051
8 112 100052
8 111 100053
8 110 100054
8 109 100055
8 108 100056
8 107 100057
8 106 100058
8 105 100059
8 104 100060
8 103 100061
8 102 100062
8 101 100063
8 100 100064
8 99 100065
8 98 100066
8 97 100067
8 96 100068
8 95 100069
8 94 100070
8 93 100071
8 92 100072
8 91 100073
8 90 100074
8 89 100075
8 88 100076
8 87 100077
8 86 100078
8 85 100079
8 84 100080
8 83 100081
8 82 100082
8 81 100083
8 80 100084
8 79 100085
8 78 100086
8 77 100087
8 76 100088
8 75 100089
8 74 100090
8 73 100091
8 72 100092
8 71 100093
8 70 100094
8 69 100095
8 68 100096
8 67 100097
8 66 100098
8 65 100099
8 64 100100
8 63 100101
8 62 100102
8 61 100103
8 60 100104
8 59 100105
8 58 100106
8 57 100107
8 56 100108
8 55 100109
8 54 100110
8 53 100111
8 52 100112
8 51 100113
8 50 100114
8 49 100115
8 48 100116
8 47 100117
8 46 100118
8 45 100119
8 44 100120
8 43 100121
8 42 100122
8 41 100123
8 40 100124
8 39 100125
8 38 100126
8 37 100127
9 200 100001
9 199 100002
9 198 100003
9 197 100004
9 196 100005
9 195 100006
9 194 100007
9 193 100008
9 192 100009
9 191 100010
9 190 100011
9 189 100012
9 188 100013
9 187 100014
9 186 100015
9 185 100016
9 184 100017
9 183 100018
9 182 100019
9 181 100020
9 180 100021
9 179 100022
9 178 100023
9 177 100024
9 176 100025
9 175 100026
9 174 100027
9 173 100028
9 172 100029
9 171 100030
9 170 100031
9 169 100032
9 168 100033
9 167 100034
9 166 100035
9 165 100036
9 164 100037
9 163 100038
9 162 100039
9 161 100040
9 160 100000
9 159 100001
9 158 100002
9 157 100003
9 156 100004
9 155 100005
9 154 100006
9 153 100007
9 152 100008
9 151 100009
9 150 100010
9 149 100011
9 148 100012
9 147 100013
9 146 100014
9 145 100015
9 144 100016
9 143 100017
9 142 100018
9 141 100019
9 140 100020
9 139 100021
9 138 100022
9 137 100023
9 136 100024
9 135 100025
9 134 100026
9 133 100027
9 132 100028
9 131 100029
9 130 100030
9 129 100031
9 128 100032
9 127 100033
9 126 100034
9 125 100035
9 124 100036
9 123 100037
9 122 100038
9 121 100039
9 120 100040
9 119 100041
9 118 100042
9 117 100043
9 116 100044
9 115 100045
9 114 100046
9 113 100047
9 112 100048
9 111 100049
9 110 100050
9 109 100051
9 108 100052
9 107 100053
9 106 100054
9 105 100055
9 104 100056
9 103 100057
9 102 100058
9 101 100059
9 100 100060
9 99 100061
9 98 100062
9 97 100063
9 96 100064
9 95 100065
9 94 100066
9 93 100067
9 92 100068
9 91 100069
9 90 100070
9 89 100071
9 88 100072
9 87 100073
9 86 100074
9 85 100075
9 84 100076
9 83 100077
9 82 100078
9 81 100079
9 80 100080
9 79 100081
9 78 100082
9 77 100083
9 76 100084
9 75 100085
9 74 100086
9 73 100087
9 72 100088
9 71 100089
9 70 100090
9 69 100091
9 68 100092
9 67 100093
9 66 100094
9 65 100095
9 64 100096
9 63 100097
9 62 100098
9 61 100099
9 60 100100
9 59 100101
9 58 100102
9 57 100103
9 56 100104
9 55 100105
9 54 100106
9 53 100107
9 52 100108
9 51 100109
9 50 100110
9 49 100111
9 48 100112
9 47 100113
9 46 100114
9 45 100115
9 44 100116
9 43 100117
9 42 100118
9 41 100119
10 200 100001
10 199 100002
10 198 100003
10 197 100004
10 196 100005
10 195 100006
10 194 100007
10 193 100008
10 192 100009
10 191 100010
10 190 100011
10 189 100012
10 188 100013
10 187 100014
10 186 100015
10 185 100016
10 184 100017
10 183 100018
10 182 100019
10 181 100020
10 180 100021
10 179 100022
10 178 100023
10 177 100024
10 176 100025
10 175 100026
10 174 100027
10 173 100028
10 172 100029
10 171 100030
10 170 100031
10 169 100032
10 168 100033
10 167 100034
10 166 100035
10 165 100036
10 164 100037
10 163 100038
10 162 100039
10 161 100040
10 160 100041
10 159 100042
10 158 100043
10 157 100044
10 156 100000
10 155 100001
10 154 100002
10 153 100003
10 152 100004
10 151 100005
10 150 100006
10 149 100007
10 148 100008
10 147 100009
10 146 100010
10 145 100011
10 144 100012
10 143 100013
10 142 100014
10 141 100015
10 140 100016
10 139 100017
10 138 100018
10 137 100019
10 136 100020
10 135 100021
10 134 100022
10 133 100023
10 132 100024
10 131 100025
10 130 100026
10 129 100027
10 128 100028
10 127 100029
10 126 100030
10 125 100031
10 124 100032
10 123 100033
10 122 100034
10 121 100035
10 120 100036
10 119 100037
10 118 100038
10 117 100039
10 116 100040
10 115 100041
10 114 100042
10 113 100043
10 112 100044
10 111 100045
10 110 100046
10 109 100047
10 108 100048
10 107 100049
10 106 100050
10 105 100051
10 104 100052
10 103 100053
10 102 100054
10 101 100055
10 100 100056
10 99 100057
10 98 100058
10 97 100059
10 96 100060
10 95 100061
10 94 100062
10 93 100063
10 92 100064
10 91 100065
10 90 100066
10 89 100067
10 88 100068
10 87 100069
10 86 100070
10 85 100071
10 84 100072
10 83 100073
10 82 100074
10 81 100075
10 80 100076
10 79 100077
10 78 100078
10 77 100079
10 76 100080
10 75 100081
10 74 100082
10 73 100083
10 72 100084
10 71 100085
10 70 100086
10 69 100087
10 68 100088
10 67 100089
10 66 100090
10 65 100091
10 64 100092
10 63 100093
10 62 100094
10 61 100095
10 60 100096
10 59 100097
10 58 100098
10 57 100099
10 56 100100
10 55 100101
10 54 100102
10 53 100103
10 52 100104
10 51 100105
10 50 100106
10 49 100107
10 48 100108
10 47 100109
10 46 100110
10 45 100111
11 200 100001
11 199 100002
11 198 100003
11 197 100004
11 196 100005
11 195 100006
11 194 100007
11 193 100008
11 192 100009
11 191 100010
11 190 100011
11 189 100012
11 188 100013
11 187 100014
11 186 100015
11 185 100016
11 184 100017
11 183 100018
11 182 100019
11 181 100020
11 180 100021
11 179 100022
11 178 100023
11 177 100024
11 176 100025
11 175 100026
11 174 100027
11 173 100028
11 172 100029
11 171 100030
11 170 100031
11 169 100032
11 168 100033
11 167 100034
11 166 100035
11 165 100036
11 164 100037
11 163 100038
11 162 100039
11 161 100040
11 160 100041
11 159 100042
11 158 100043
11 157 100044
11 156 100045
11 155 100046
11 154 100047
11 153 100048
11 152 100000
11 151 100001
11 150 100002
11 149 100003
11 148 100004
11 147 100005
11 146 100006
11 145 100007
11 144 100008
11 143 100009
11 142 100010
11 141 100011
11 140 100012
11 139 100013
11 138 100014
11 137 100015
11 136 100016
11 135 100017
11 134 100018
11 133 100019
11 132 100020
11 131 100021
11 130 100022
11 129 100023
11 128 100024
11 127 100025
11 126 100026
11 125 100027
11 124 100028
11 123 100029
11 122 100030
11 121 100031
11 120 100032
11 119 100033
11 118 100034
11 117 100035
11 116 100036
11 115 100037
11 114 100038
11 113 100039
11 112 100040
11 111 100041
11 110 100042
11 109 100043
11 108 100044
11 107 100045
11 106 100046
11 105 100047
11 104 100048
11 103 100049
11 102 100050
11 101 100051
11 100 100052
11 99 100053
11 98 100054
11 97 100055
11 96 100056
11 95 100057
11 94 100058
11 93 100059
11 92 100060
11 91 100061
11 90 100062
11 89 100063
11 88 100064
11 87 100065
11 86 100066
11 85 100067
11 84 100068
11 83 100069
11 82 100070
11 81 100071
11 80 100072
11 79 100073
11 78 100074
11 77 100075
11 76 100076
11 75 100077
11 74 100078
11 73 100079
11 72 100080
11 71 100081
11 70 100082
11 69 100083
11 68 100084
11 67 100085
11 66 100086
11 65 100087
11 64 100088
11 63 100089
11 62 100090
11 61 100091
11 60 100092
11 59 100093
11 58 100094
11 57 100095
11 56 100096
11 55 100097
11 54 100098
11 53 100099
11 52 100100
11 51 100101
11 50 100102
11 49 100103
12 200 100001
12 199 100002
12 198 100003
12 197 100004
12 196 100005
12 195 100006
12 194 100007
12 193 100008
12 192 100009
12 191 100010
12 190 100011
12 189 100012
12 188 100013
12 187 100014
12 186 100015
12 185 100016
12 184 100017
12 183 100018
12 182 100019
12 181 100020
12 180 100021
12 179 100022
12 178 100023
12 177 100024
12 176 100025
12 175 100026
12 174 100027
12 173 100028
12 172 100029
12 171 100030
12 170 100031
12 169 100032
12 168 100033
12 167 100034
12 166 100035
12 165 100036
12 164 100037
12 163 100038
12 162 100039
12 161 100040
12 160 100041
12 159 100042
12 158 100043
12 157 100044
12 156 100045
12 155 100046
12 154 100047
12 153 100048
12 152 100049
12 151 100050
12 150 100051
12 149 100052
12 148 100000
12 147 100001
12 146 100002
12 145 100003
12 144 100004
12 143 100005
12 142 100006
12 141 100007
12 140 100008
12 139 100009
12 138 100010
12 137 100011
12 136 100012
12 135 100013
12 134 100014
12 133 100015
12 132 100016
12 131 100017
12 130 100018
12 129 100019
12 128 100020
12 127 100021
12 126 100022
12 125 100023
12 124 100024
12 123 100025
12 122 100026
12 121 100027
12 120 100028
12 119 100029
12 118 100030
12 117 100031
12 116 100032
12 115 100033
12 114 100034
12 113 100035
12 112 100036
12 111 100037
12 110 100038
12 109 100039
12 108 100040
12 107 100041
12 106 100042
12 105 100043
12 104 100044
12 103 100045
12 102 100046
12 101 100047
12 100 100048
12 99 100049
12 98 100050
12 97 100051
12 96 100052
12 95 100053
12 94 100054
12 93 100055
12 92 100056
12 91 100057
12 90 100058
12 89 100059
12 88 100060
12 87 100061
12 86 100062
12 85 100063
12 84 100064
12 83 100065
12 82 100066
12 81 100067
12 80 100068
12 79 100069
12 78 100070
12 77 100071
12 76 100072
12 75 100073
12 74 100074
12 73 100075
12 72 100076
12 71 100077
12 70 100078
12 69 100079
12 68 100080
12 67 100081
12 66 100082
12 65 100083
12 64 100084
12 63 100085
12 62 100086
12 61 100087
12 60 100088
12 59 100089
12 58 100090
12 57 100091
12 56 100092
12 55 100093
12 54 100094
12 53 100095
13 200 100001
13 199 100002
13 198 100003
13 197 100004
13 196 100005
13 195 100006
13 194 100007
13 193 100008
13 192 100009
13 191 100010
13 190 100011
13 189 100012
13 188 100013
13 187 100014
13 186 100015
13 185 100016
13 184 100017
13 183 100018
13 182 100019
13 181 100020
13 180 100021
13 179 100022
13 178 100023
13 177 100024
13 176 100025
13 175 100026
13 174 100027
13 173 100028
13 172 100029
13 171 100030
13 170 100031
13 169 100032
13 168 100033
13 167 100034
13 166 100035
13 165 100036
13 164 100037
13 163 100038
13 162 100039
13 161 100040
13 160 100041
13 159 100042
13 158 100043
13 157 100044
13 156 100045
13 155 100046
13 154 100047
13 153 100048
13 152 100049
13 151 100050
13 150 100051
13 149 100052
13 148 100053
13 147 100054
13 146 100055
13 145 100056
13 144 100000
13 143 100001
13 142 100002
13 141 100003
13 140 100004
13 139 100005
13 138 100006
13 137 100007
13 136 100008
13 135 100009
13 134 100010
13 133 100011
13 132 100012
13 131 100013
13 130 100014
13 129 100015
13 128 100016
13 127 100017
13 126 100018
13 125 100019
13 124 100020
13 123 100021
13 122 100022
13 121 100023
13 120 100024
13 119 100025
13 118 100026
13 117 100027
13 116 100028
13 115 100029
13 114 100030
13 113 100031
13 112 100032
13 111 100033
13 110 100034
13 109 100035
13 108 100036
13 107 100037
13 106 100038
13 105 100039
13 104 100040
13 103 100041
13 102 100042
13 101 100043
13 100 100044
13 99 100045
13 98 100046
13 97 100047
13 96 100048
13 95 100049
13 94 100050
13 93 100051
13 92 100052
13 91 100053
13 90 100054
13 89 100055
13 88 100056
13 87 100057
13 86 100058
13 85 100059
13 84 100060
13 83 100061
13 82 100062
13 81 100063
13 80 100064
13 79 100065
13 78 100066
13 77 100067
13 76 100068
13 75 100069
13 74 100070
13 73 100071
13 72 100072
13 71 100073
13 70 100074
13 69 100075
13 68 100076
13 67 100077
13 66 100078
13 65 100079
13 64 100080
13 63 100081
13 62 100082
13 61 100083
13 60 100084
13 59 100085
13 58 100086
13 57 100087
14 200 100001
14 199 100002
14 198 100003
14 197 100004
14 196 100005
14 195 100006
14 194 100007
14 193 100008
14 192 100009
14 191 100010
14 190 100011
14 189 100012
14 188 100013
14 187 100014
14 186 100015
14 185 100016
14 184 100017
14 183 100018
14 182 100019
14 181 100020
14 180 100021
14 179 100022
14 178 100023
14 177 100024
14 176 100025
14 175 100026
14 174 100027
14 173 100028
14 172 100029
14 171 100030
14 170 100031
14 169 100032
14 168 100033
14 167 100034
14 166 100035
14 165 100036
14 164 100037
14 163 100038
14 162 100039
14 161 100040
14 160 100041
14 159 100042
14 158 100043
14 157 100044
14 156 100045
14 155 100046
14 154 100047
14 153 100048
14 152 100049
14 151 100050
14 150 100051
14 149 100052
14 148 100053
14 147 100054
14 146 100055
14 145 100056
14 144 100057
14 143 100058
14 142 100059
14 141 100060
14 140 100000
14 139 100001
14 138 100002
14 137 100003
14 136 100004
14 135 100005
14 134 100006
14 133 100007
14 132 100008
14 131 100009
14 130 100010
14 129 100011
14 128 100012
14 127 100013
14 126 100014
14 125 100015
14 124 100016
14 123 100017
14 122 100018
14 121 100019
14 120 100020
14 119 100021
14 118 100022
14 117 100023
14 116 100024
14 115 100025
14 114 100026
14 113 100027
14 112 100028
14 111 100029
14 110 100030
14 109 100031
14 108 100032
14 107 100033
14 106 100034
14 105 100035
14 104 100036
14 103 100037
14 102 100038
14 101 100039
14 100 100040
14 99 100041
14 98 100042
14 97 100043
14 96 100044
14 95 100045
14 94 100046
14 93 100047
14 92 100048
14 91 100049
14 90 100050
14 89 100051
14 88 100052
14 87 100053
14 86 100054
14 85 100055
14 84 100056
14 83 100057
14 82 100058
14 81 100059
14 80 100060
14 79 100061
14 78 100062
14 77 100063
14 76 100064
14 75 100065
14 74 100066
14 73 100067
14 72 100068
14 71 100069
14 70 100070
14 69 100071
14 68 100072
14 67 100073
14 66 100074
14 65 100075
14 64 100076
14 63 100077
14 62 100078
14 61 100079
15 200 100001
15 199 100002
15 198 100003
15 197 100004
15 196 100005
15 195 100006
15 194 100007
15 193 100008
15 192 100009
15 191 100010
15 190 100011
15 189 100012
15 188 100013
15 187 100014
15 186 100015
15 185 100016
15 184 100017
15 183 100018
15 182 100019
15 181 100020
15 180 100021
15 179 100022
15 178 100023
15 177 100024
15 176 100025
15 175 100026
15 174 100027
15 173 100028
15 172 100029
15 171 100030
15 170 100031
15 169 100032
15 168 100033
15 167 100034
15 166 100035
15 165 100036
15 164 100037
15 163 100038
15 162 100039
15 161 100040
15 160 100041
15 159 100042
15 158 100043
15 157 100044
15 156 100045
15 155 100046
15 154 100047
15 153 100048
15 152 100049
15 151 100050
15 150 100051
15 149 100052
15 148 100053
15 147 100054
15 146 100055
15 145 100056
15 144 100057
15 143 100058
15 142 100059
15 141 100060
15 140 100061
15 139 100062
15 138 100063
15 137 100064
15 136 100000
15 135 100001
15 134 100002
15 133 100003
15 132 100004
15 131 100005
15 130 100006
15 129 100007
15 128 100008
15 127 100009
15 126 100010
15 125 100011
15 124 100012
15 123 100013
15 122 100014
15 121 100015
15 120 100016
15 119 100017
15 118 100018
15 117 100019
15 116 100020
15 115 100021
15 114 100022
15 113 100023
15 112 100024
15 111 100025
15 110 100026
15 109 100027
15 108 100028
15 107 100029
15 106 100030
15 105 100031
15 104 100032
15 103 100033
15 102 100034
15 101 100035
15 100 100036
15 99 100037
15 98 100038
15 97 100039
15 96 100040
15 95 100041
15 94 100042
15 93 100043
15 92 100044
15 91 100045
15 90 100046
15 89 100047
15 88 100048
15 87 100049
15 86 100050
15 85 100051
15 84 100052
15 83 100053
15 82 100054
15 81 100055
15 80 100056
15 79 100057
15 78 100058
15 77 100059
15 76 100060
15 75 100061
15 74 100062
15 73 100063
15 72 100064
15 71 100065
15 70 100066
15 69 100067
15 68 100068
15 67 100069
15 66 100070
15 65 100071
16 200 100001
16 199 100002
16 198 100003
16 197 100004
16 196 100005
16 195 100006
16 194 100007
16 193 100008
16 192 100009
16 191 100010
16 190 100011
16 189 100012
16 188 100013
16 187 100014
16 186 100015
16 185 100016
16 184 100017
16 183 100018
16 182 100019
16 181 100020
16 180 100021
16 179 100022
16 178 100023
16 177 100024
16 176 100025
16 175 100026
16 174 100027
16 173 100028
16 172 100029
16 171 100030
16 170 100031
16 169 100032
16 168 100033
16 167 100034
16 166 100035
16 165 100036
16 164 100037
16 163 100038
16 162 100039
16 161 100040
16 160 100041
16 159 100042
16 158 100043
16 157 100044
16 156 100045
16 155 100046
16 154 100047
16 153 100048
16 152 100049
16 151 100050
16 150 100051
16 149 100052
16 148 100053
16 147 100054
16 146 100055
16 145 100056
16 144 100057
16 143 100058
16 142 100059
16 141 100060
16 140 100061
16 139 100062
16 138 100063
16 137 100064
16 136 100065
16 135 100066
16 134 100067
16 133 100068
16 132 100000
16 131 100001
16 130 100002
16 129 100003
16 128 100004
16 127 100005
16 126 100006
16 125 100007
16 124 100008
16 123 100009
16 122 100010
16 121 100011
16 120 100012
16 119 100013
16 118 100014
16 117 100015
16 116 100016
16 115 100017
16 114 100018
16 113 100019
16 112 100020
16 111 100021
16 110 100022
16 109 100023
16 108 100024
16 107 100025
16 106 100026
16 105 100027
16 104 100028
16 103 100029
16 102 100030
16 101 100031
16 100 100032
16 99 100033
16 98 100034
16 97 100035
16 96 100036
16 95 100037
16 94 100038
16 93 100039
16 92 100040
16 91 100041
16 90 100042
16 89 100043
16 88 100044
16 87 100045
16 86 100046
16 85 100047
16 84 100048
16 83 100049
16 82 100050
16 81 100051
16 80 100052
16 79 100053
16 78 100054
16 77 100055
16 76 100056
16 75 100057
16 74 100058
16 73 100059
16 72 100060
16 71 100061
16 70 100062
16 69 100063
17 200 100001
17 199 100002
17 198 100003
17 197 100004
17 196 100005
17 195 100006
17 194 100007
17 193 100008
17 192 100009
17 191 100010
17 190 100011
17 189 100012
17 188 100013
17 187 100014
17 186 100015
17 185 100016
17 184 100017
17 183 100018
17 182 100019
17 181 100020
17 180 100021
17 179 100022
17 178 100023
17 177 100024
17 176 100025
17 175 100026
17 174 100027
17 173 100028
17 172 100029
17 171 100030
17 170 100031
17 169 100032
17 168 100033
17 167 100034
17 166 100035
17 165 100036
17 164 100037
17 163 100038
17 162 100039
17 161 100040
17 160 100041
17 159 100042
17 158 100043
17 157 100044
17 156 100045
17 155 100046
17 154 100047
17 153 100048
17 152 100049
17 151 100050
17 150 100051
17 149 100052
17 148 100053
17 147 100054
17 146 100055
17 145 100056
17 144 100057
17 143 100058
17 142 100059
17 141 100060
17 140 100061
17 139 100062
17 138 100063
17 137 100064
17 136 100065
17 135 100066
17 134 100067
17 133 100068
17 132 100069
17 131 100070
17 130 100071
17 129 100072
17 128 100000
17 127 100001
17 126 100002
17 125 100003
17 124 100004
17 123 100005
17 122 100006
17 121 100007
17 120 100008
17 119 100009
17 118 100010
17 117 100011
17 116 100012
17 115 100013
17 114 100014
17 113 100015
17 112 100016
17 111 100017
17 110 100018
17 109 100019
17 108 100020
17 107 100021
17 106 100022
17 105 100023
17 104 100024
17 103 100025
17 102 100026
17 101 100027
17 100 100028
17 99 100029
17 98 100030
17 97 100031
17 96 100032
17 95 100033
17 94 100034
17 93 100035
17 92 100036
17 91 100037
17 90 100038
17 89 100039
17 88 100040
17 87 100041
17 86 100042
17 85 100043
17 84 100044
17 83 100045
17 82 100046
17 81 100047
17 80 100048
17 79 100049
17 78 100050
17 77 100051
17 76 100052
17 75 100053
17 74 100054
17 73 100055
18 200 100001
18 199 100002
18 198 100003
18 197 100004
18 196 100005
18 195 100006
18 194 100007
18 193 100008
18 192 100009
18 191 100010
18 190 100011
18 189 100012
18 188 100013
18 187 100014
18 186 100015
18 185 100016
18 184 100017
18 183 100018
18 182 100019
18 181 100020
18 180 100021
18 179 100022
18 178 100023
18 177 100024
18 176 100025
18 175 100026
18 174 100027
18 173 100028
18 172 100029
18 171 100030
18 170 100031
18 169 100032
18 168 100033
18 167 100034
18 166 100035
18 165 100036
18 164 100037
18 163 100038
18 162 100039
18 161 100040
18 160 100041
18 159 100042
18 158 100043
18 157 100044
18 156 100045
18 155 100046
18 154 100047
18 153 100048
18 152 100049
18 151 100050
18 150 100051
18 149 100052
18 148 100053
18 147 100054
18 146 100055
18 145 100056
18 144 100057
18 143 100058
18 142 100059
18 141 100060
18 140 100061
18 139 100062
18 138 100063
18 137 100064
18 136 100065
18 135 100066
18 134 100067
18 133 100068
18 132 100069
18 131 100070
18 130 100071
18 129 100072
18 128 100073
18 127 100074
18 126 100075
18 125 100076
18 124 100000
18 123 100001
18 122 100002
18 121 100003
18 120 100004
18 119 100005
18 118 100006
18 117 100007
18 116 100008
18 115 100009
18 114 100010
18 113 100011
18 112 100012
18 111 100013
18 110 100014
18 109 100015
18 108 100016
18 107 100017
18 106 100018
18 105 100019
18 104 100020
18 103 100021
18 102 100022
18 101 100023
18 100 100024
18 99 100025
18 98 100026
18 97 100027
18 96 100028
18 95 100029
18 94 100030
18 93 100031
18 92 100032
18 91 100033
18 90 100034
18 89 100035
18 88 100036
18 87 100037
18 86 100038
18 85 100039
18 84 100040
18 83 100041
18 82 100042
18 81 100043
18 80 100044
18 79 100045
18 78 100046
18 77 100047
19 200 100001
19 199 100002
19 198 100003
19 197 100004
19 196 100005
19 195 100006
19 194 100007
19 193 100008
19 192 100009
19 191 100010
19 190 100011
19 189 100012
19 188 100013
19 187 100014
19 186 100015
19 185 100016
19 184 100017
19 183 100018
19 182 100019
19 181 100020
19 180 100021
19 179 100022
19 178 100023
19 177 100024
19 176 100025
19 175 100026
19 174 100027
19 173 100028
19 172 100029
19 171 100030
19 170 100031
19 169 100032
19 168 100033
19 167 100034
19 166 100035
19 165 100036
19 164 100037
19 163 100038
19 162 100039
19 161 100040
19 160 100041
19 159 100042
19 158 100043
19 157 100044
19 156 100045
19 155 100046
19 154 100047
19 153 100048
19 152 100049
19 151 100050
19 150 100051
19 149 100052
19 148 100053
19 147 100054
19 146 100055
19 145 100056
19 144 100057
19 143 100058
19 142 100059
19 141 100060
19 140 100061
19 139 100062
19 138 100063
19 137 100064
19 136 100065
19 135 100066
19 134 100067
19 133 100068
19 132 100069
19 131 100070
19 130 100071
19 129 100072
19 128 100073
19 127 100074
19 126 100075
19 125 100076
19 124 100077
19 123 100078
19 122 100079
19 121 100080
19 120 100000
19 119 100001
19 118 100002
19 117 100003
19 116 100004
19 115 100005
19 114 100006
19 113 100007
19 112 100008
19 111 100009
19 110 100010
19 109 100011
19 108 100012
19 107 100013
19 106 100014
19 105 100015
19 104 100016
19 103 100017
19 102 100018
19 101 100019
19 100 100020
19 99 100021
19 98 100022
19 97 100023
19 96 100024
19 95 100025
19 94 100026
19 93 100027
19 92 100028
19 91 100029
19 90 100030
19 89 100031
19 88 100032
19 87 100033
19 86 100034
19 85 100035
19 84 100036
19 83 100037
19 82 100038
19 81 100039
20 200 100001
20 199 100002
20 198 100003
20 197 100004
20 196 100005
20 195 100006
20 194 100007
20 193 100008
20 192 100009
20 191 100010
20 190 100011
20 189 100012
20 188 100013
20 187 100014
20 186 100015
20 185 100016
20 184 100017
20 183 100018
20 182 100019
20 181 100020
20 180 100021
20 179 100022
20 178 100023
20 177 100024
20 176 100025
20 175 100026
20 174 100027
20 173 100028
20 172 100029
20 171 100030
20 170 100031
20 169 100032
20 168 100033
20 167 100034
20 166 100035
20 165 100036
20 164 100037
20 163 100038
20 162 100039
20 161 100040
20 160 100041
20 159 100042
20 158 100043
20 157 100044
20 156 100045
20 155 100046
20 154 100047
20 153 100048
20 152 100049
20 151 100050
20 150 100051
20 149 100052
20 148 100053
20 147 100054
20 146 100055
20 145 100056
20 144 100057
20 143 100058
20 142 100059
20 141 100060
20 140 100061
20 139 100062
20 138 100063
20 137 100064
20 136 100065
20 135 100066
20 134 100067
20 133 100068
20 132 100069
20 131 100070
20 130 100071
20 129 100072
20 128 100073
20 127 100074
20 126 100075
20 125 100076
20 124 100077
20 123 100078
20 122 100079
20 121 100080
20 120 100081
20 119 100082
20 118 100083
20 117 100084
20 116 100000
20 115 100001
20 114 100002
20 113 100003
20 112 100004
20 111 100005
20 110 100006
20 109 100007
20 108 100008
20 107 100009
20 106 100010
20 105 100011
20 104 100012
20 103 100013
20 102 100014
20 101 100015
20 100 100016
20 99 100017
20 98 100018
20 97 100019
20 96 100020
20 95 100021
20 94 100022
20 93 100023
20 92 100024
20 91 100025
20 90 100026
20 89 100027
20 88 100028
20 87 100029
20 86 100030
20 85 100031
21 200 100001
21 199 100002
21 198 100003
21 197 100004
21 196 100005
21 195 100006
21 194 100007
21 193 100008
21 192 100009
21 191 100010
21 190 100011
21 189 100012
21 188 100013
21 187 100014
21 186 100015
21 185 100016
21 184 100017
21 183 100018
21 182 100019
21 181 100020
21 180 100021
21 179 100022
21 178 100023
21 177 100024
21 176 100025
21 175 100026
21 174 100027
21 173 100028
21 172 100029
21 171 100030
21 170 100031
21 169 100032
21 168 100033
21 167 100034
21 166 100035
21 165 100036
21 164 100037
21 163 100038
21 162 100039
21 161 100040
21 160 100041
21 159 100042
21 158 100043
21 157 100044
21 156 100045
21 155 100046
21 154 100047
21 153 100048
21 152 100049
21 151 100050
21 150 100051
21 149 100052
21 148 100053
21 147 100054
21 146 100055
21 145 100056
21 144 100057
21 143 100058
21 142 100059
21 141 100060
21 140 100061
21 139 100062
21 138 100063
21 137 100064
21 136 100065
21 135 100066
21 134 100067
21 133 100068
21 132 100069
21 131 100070
21 130 100071
21 129 100072
21 128 100073
21 127 100074
21 126 100075
21 125 100076
21 124 100077
21 123 100078
21 122 100079
21 121 100080
21 120 100081
21 119 100082
21 118 100083
21 117 100084
21 116 100085
21 115 100086
21 114 100087
21 113 100088
21 112 100000
21 111 100001
21 110 100002
21 109 100003
21 108 100004
21 107 100005
21 106 100006
21 105 100007
21 104 100008
21 103 100009
21 102 100010
21 101 100011
21 100 100012
21 99 100013
21 98 100014
21 97 100015
21 96 100016
21 95 100017
21 94 100018
21 93 100019
21 92 100020
21 91 100021
21 90 100022
21 89 100023
22 200 100001
22 199 100002
22 198 100003
22 197 100004
22 196 100005
22 195 100006
22 194 100007
22 193 100008
22 192 100009
22 191 100010
22 190 100011
22 189 100012
22 188 100013
22 187 100014
22 186 100015
22 185 100016
22 184 100017
22 183 100018
22 182 100019
22 181 100020
22 180 100021
22 179 100022
22 178 100023
22 177 100024
22 176 100025
22 175 100026
22 174 100027
22 173 100028
22 172 100029
22 171 100030
22 170 100031
22 169 100032
22 168 100033
22 167 100034
22 166 100035
22 165 100036
22 164 100037
22 163 100038
22 162 100039
22 161 100040
22 160 100041
22 159 100042
22 158 100043
22 157 100044
22 156 100045
22 155 100046
22 154 100047
22 153 100048
22 152 100049
22 151 100050
22 150 100051
22 149 100052
22 148 100053
22 147 100054
22 146 100055
22 145 100056
22 144 100057
22 143 100058
22 142 100059
22 141 100060
22 140 100061
22 139 100062
22 138 100063
22 137 100064
22 136 100065
22 135 100066
22 134 100067
22 133 100068
22 132 100069
22 131 100070
22 130 100071
22 129 100072
22 128 100073
22 127 100074
22 126 100075
22 125 100076
22 124 100077
22 123 100078
22 122 100079
22 121 100080
22 120 100081
22 119 100082
22 118 100083
22 117 100084
22 116 100085
22 115 100086
22 114 100087
22 113 100088
22 112 100089
22 111 100090
22 110 100091
22 109 100092
22 108 100000
22 107 100001
22 106 100002
22 105 100003
22 104 100004
22 103 100005
22 102 100006
22 101 100007
22 100 100008
22 99 100009
22 98 100010
22 97 100011
22 96 100012
22 95 100013
22 94 100014
22 93 100015
23 200 100001
23 199 100002
23 198 100003
23 197 100004
23 196 100005
23 195 100006
23 194 100007
23 193 100008
23 192 100009
23 191 100010
23 190 100011
23 189 100012
23 188 100013
23 187 100014
23 186 100015
23 185 100016
23 184 100017
23 183 100018
23 182 100019
23 181 100020
23 180 100021
23 179 100022
23 178 100023
23 177 100024
23 176 100025
23 175 100026
23 174 100027
23 173 100028
23 172 100029
23 171 100030
23 170 100031
23 169 100032
23 168 100033
23 167 100034
23 166 100035
23 165 100036
23 164 100037
23 163 100038
23 162 100039
23 161 100040
23 160 100041
23 159 100042
23 158 100043
23 157 100044
23 156 100045
23 155 100046
23 154 100047
23 153 100048
23 152 100049
23 151 100050
23 150 100051
23 149 100052
23 148 100053
23 147 100054
23 146 100055
23 145 100056
23 144 100057
23 143 100058
23 142 100059
23 141 100060
23 140 100061
23 139 100062
23 138 100063
23 137 100064
23 136 100065
23 135 100066
23 134 100067
23 133 100068
23 132 100069
23 131 100070
23 130 100071
23 129 100072
23 128 100073
23 127 100074
23 126 100075
23 125 100076
23 124 100077
23 123 100078
23 122 100079
23 121 100080
23 120 100081
23 119 100082
23 118 100083
23 117 100084
23 116 100085
23 115 100086
23 114 100087
23 113 100088
23 112 100089
23 111 100090
23 110 100091
23 109 100092
23 108 100093
23 107 100094
23 106 100095
23 105 100096
23 104 100000
23 103 100001
23 102 100002
23 101 100003
23 100 100004
23 99 100005
23 98 100006
23 97 100007
24 200 100001
24 199 100002
24 198 100003
24 197 100004
24 196 100005
24 195 100006
24 194 100007
24 193 100008
24 192 100009
24 191 100010
24 190 100011
24 189 100012
24 188 100013
24 187 100014
24 186 100015
24 185 100016
24 184 100017
24 183 100018
24 182 100019
24 181 100020
24 180 100021
24 179 100022
24 178 100023
24 177 100024
24 176 100025
24 175 100026
24 174 100027
24 173 100028
24 172 100029
24 171 100030
24 170 100031
24 169 100032
24 168 100033
24 167 100034
24 166 100035
24 165 100036
24 164 100037
24 163 100038
24 162 100039
24 161 100040
24 160 100041
24 159 100042
24 158 100043
24 157 100044
24 156 100045
24 155 100046
24 154 100047
24 153 100048
24 152 100049
24 151 100050
24 150 100051
24 149 100052
24 148 100053
24 147 100054
24 146 100055
24 145 100056
24 144 100057
24 143 100058
24 142 100059
24 141 100060
24 140 100061
24 139 100062
24 138 100063
24 137 100064
24 136 100065
24 135 100066
24 134 100067
24 133 100068
24 132 100069
24 131 100070
24 130 100071
24 129 100072
24 128 100073
24 127 100074
24 126 100075
24 125 100076
24 124 100077
24 123 100078
24 122 100079
24 121 100080
24 120 100081
24 119 100082
24 118 100083
24 117 100084
24 116 100085
24 115 100086
24 114 100087
24 113 100088
24 112 100089
24 111 100090
24 110 100091
24 109 100092
24 108 100093
24 107 100094
24 106 100095
24 105 100096
24 104 100097
24 103 100098
24 102 100099
24 101 100100
25 200 100001
25 199 100002
25 198 100003
25 197 100004
25 196 100005
25 195 100006
25 194 100007
25 193 100008
25 192 100009
25 191 100010
25 190 100011
25 189 100012
25 188 100013
25 187 100014
25 186 100015
25 185 100016
25 184 100017
25 183 100018
25 182 100019
25 181 100020
25 180 100021
25 179 100022
25 178 100023
25 177 100024
25 176 100025
25 175 100026
25 174 100027
25 173 100028
25 172 100029
25 171 100030
25 170 100031
25 169 100032
25 168 100033
25 167 100034
25 166 100035
25 165 100036
25 164 100037
25 163 100038
25 162 100039
25 161 100040
25 160 100041
25 159 100042
25 158 100043
25 157 100044
25 156 100045
25 155 100046
25 154 100047
25 153 100048
25 152 100049
25 151 100050
25 150 100051
25 149 100052
25 148 100053
25 147 100054
25 146 100055
25 145 100056
25 144 100057
25 143 100058
25 142 100059
25 141 100060
25 140 100061
25 139 100062
25 138 100063
25 137 100064
25 136 100065
25 135 100066
25 134 100067
25 133 100068
25 132 100069
25 131 100070
25 130 100071
25 129 100072
25 128 100073
25 127 100074
25 126 100075
25 125 100076
25 124 100077
25 123 100078
25 122 100079
25 121 100080
25 120 100081
25 119 100082
25 118 100083
25 117 100084
25 116 100085
25 115 100086
25 114 100087
25 113 100088
25 112 100089
25 111 100090
25 110 100091
25 109 100092
25 108 100093
25 107 100094
25 106 100095
25 105 100096
26 200 100001
26 199 100002
26 198 100003
26 197 100004
26 196 100005
26 195 100006
26 194 100007
26 193 100008
26 192 100009
26 191 100010
26 190 100011
26 189 100012
26 188 100013
26 187 100014
26 186 100015
26 185 100016
26 184 100017
26 183 100018
26 182 100019
26 181 100020
26 180 100021
26 179 100022
26 178 100023
26 177 100024
26 176 100025
26 175 100026
26 174 100027
26 173 100028
26 172 100029
26 171 100030
26 170 100031
26 169 100032
26 168 100033
26 167 100034
26 166 100035
26 165 100036
26 164 100037
26 163 100038
26 162 100039
26 161 100040
26 160 100041
26 159 100042
26 158 100043
26 157 100044
26 156 100045
26 155 100046
26 154 100047
26 153 100048
26 152 100049
26 151 100050
26 150 100051
26 149 100052
26 148 100053
26 147 100054
26 146 100055
26 145 100056
26 144 100057
26 143 100058
26 142 100059
26 141 100060
26 140 100061
26 139 100062
26 138 100063
26 137 100064
26 136 100065
26 135 100066
26 134 100067
26 133 100068
26 132 100069
26 131 100070
26 130 100071
26 129 100072
26 128 100073
26 127 100074
26 126 100075
26 125 100076
26 124 100077
26 123 100078
26 122 100079
26 121 100080
26 120 100081
26 119 100082
26 118 100083
26 117 100084
26 116 100085
26 115 100086
26 114 100087
26 113 100088
26 112 100089
26 111 100090
26 110 100091
26 109 100092
27 200 100001
27 199 100002
27 198 100003
27 197 100004
27 196 100005
27 195 100006
27 194 100007
27 193 100008
27 192 100009
27 191 100010
27 190 100011
27 189 100012
27 188 100013
27 187 100014
27 186 100015
27 185 100016
27 184 100017
27 183 100018
27 182 100019
27 181 100020
27 180 100021
27 179 100022
27 178 100023
27 177 100024
27 176 100025
27 175 100026
27 174 100027
27 173 100028
27 172 100029
27 171 100030
27 170 100031
27 169 100032
27 168 100033
27 167 100034
27 166 100035
27 165 100036
27 164 100037
27 163 100038
27 162 100039
27 161 100040
27 160 100041
27 159 100042
27 158 100043
27 157 100044
27 156 100045
27 155 100046
27 154 100047
27 153 100048
27 152 100049
27 151 100050
27 150 100051
27 149 100052
27 148 100053
27 147 100054
27 146 100055
27 145 100056
27 144 100057
27 143 100058
27 142 100059
27 141 100060
27 140 100061
27 139 100062
27 138 100063
27 137 100064
27 136 100065
27 135 100066
27 134 100067
27 133 100068
27 132 100069
27 131 100070
27 130 100071
27 129 100072
27 128 100073
27 127 100074
27 126 100075
27 125 100076
27 124 100077
27 123 100078
27 122 100079
27 121 100080
27 120 100081
27 119 100082
27 118 100083
27 117 100084
27 116 100085
27 115 100086
27 114 100087
27 113 100088
28 200 100001
28 199 100002
28 198 100003
28 197 100004
28 196 100005
28 195 100006
28 194 100007
28 193 100008
28 192 100009
28 191 100010
28 190 100011
28 189 100012
28 188 100013
28 187 100014
28 186 100015
28 185 100016
28 184 100017
28 183 100018
28 182 100019
28 181 100020
28 180 100021
28 179 100022
28 178 100023
28 177 100024
28 176 100025
28 175 100026
28 174 100027
28 173 100028
28 172 100029
28 171 100030
28 170 100031
28 169 100032
28 168 100033
28 167 100034
28 166 100035
28 165 100036
28 164 100037
28 163 100038
28 162 100039
28 161 100040
28 160 100041
28 159 100042
28 158 100043
28 157 100044
28 156 100045
28 155 100046
28 154 100047
28 153 100048
28 152 100049
28 151 100050
28 150 100051
28 149 100052
28 148 100053
28 147 100054
28 146 100055
28 145 100056
28 144 100057
28 143 100058
28 142 100059
28 141 100060
28 140 100061
28 139 100062
28 138 100063
28 137 100064
28 136 100065
28 135 100066
28 134 100067
28 133 100068
28 132 100069
28 131 100070
28 130 100071
28 129 100072
28 128 100073
28 127 100074
28 126 100075
28 125 100076
28 124 100077
28 123 100078
28 122 100079
28 121 100080
28 120 100081
28 119 100082
28 118 100083
28 117 100084
29 200 100001
29 199 100002
29 198 100003
29 197 100004
29 196 100005
29 195 100006
29 194 100007
29 193 100008
29 192 100009
29 191 100010
29 190 100011
29 189 100012
29 188 100013
29 187 100014
29 186 100015
29 185 100016
29 184 100017
29 183 100018
29 182 100019
29 181 100020
29 180 100021
29 179 100022
29 178 100023
29 177 100024
29 176 100025
29 175 100026
29 174 100027
29 173 100028
29 172 100029
29 171 100030
29 170 100031
29 169 100032
29 168 100033
29 167 100034
29 166 100035
29 165 100036
29 164 100037
29 163 100038
29 162 100039
29 161 100040
29 160 100041
29 159 100042
29 158 100043
29 157 100044
29 156 100045
29 155 100046
29 154 100047
29 153 100048
29 152 100049
29 151 100050
29 150 100051
29 149 100052
29 148 100053
29 147 100054
29 146 100055
29 145 100056
29 144 100057
29 143 100058
29 142 100059
29 141 100060
29 140 100061
29 139 100062
29 138 100063
29 137 100064
29 136 100065
29 135 100066
29 134 100067
29 133 100068
29 132 100069
29 131 100070
29 130 100071
29 129 100072
29 128 100073
29 127 100074
29 126 100075
29 125 100076
29 124 100077
29 123 100078
29 122 100079
29 121 100080
30 200 100001
30 199 100002
30 198 100003
30 197 100004
30 196 100005
30 195 100006
30 194 100007
30 193 100008
30 192 100009
30 191 100010
30 190 100011
30 189 100012
30 188 100013
30 187 100014
30 186 100015
30 185 100016
30 184 100017
30 183 100018
30 182 100019
30 181 100020
30 180 100021
30 179 100022
30 178 100023
30 177 100024
30 176 100025
30 175 100026
30 174 100027
30 173 100028
30 172 100029
30 171 100030
30 170 100031
30 169 100032
30 168 100033
30 167 100034
30 166 100035
30 165 100036
30 164 100037
30 163 100038
30 162 100039
30 161 100040
30 160 100041
30 159 100042
30 158 100043
30 157 100044
30 156 100045
30 155 100046
30 154 100047
30 153 100048
30 152 100049
30 151 100050
30 150 100051
30 149 100052
30 148 100053
30 147 100054
30 146 100055
30 145 100056
30 144 100057
30 143 100058
30 142 100059
30 141 100060
30 140 100061
30 139 100062
30 138 100063
30 137 100064
30 136 100065
30 135 100066
30 134 100067
30 133 100068
30 132 100069
30 131 100070
30 130 100071
30 129 100072
30 128 100073
30 127 100074
30 126 100075
30 125 100076
31 200 100001
31 199 100002
31 198 100003
31 197 100004
31 196 100005
31 195 100006
31 194 100007
31 193 100008
31 192 100009
31 191 100010
31 190 100011
31 189 100012
31 188 100013
31 187 100014
31 186 100015
31 185 100016
31 184 100017
31 183 100018
31 182 100019
31 181 100020
31 180 100021
31 179 100022
31 178 100023
31 177 100024
31 176 100025
31 175 100026
31 174 100027
31 173 100028
31 172 100029
31 171 100030
31 170 100031
31 169 100032
31 168 100033
31 167 100034
31 166 100035
31 165 100036
31 164 100037
31 163 100038
31 162 100039
31 161 100040
31 160 100041
31 159 100042
31 158 100043
31 157 100044
31 156 100045
31 155 100046
31 154 100047
31 153 100048
31 152 100049
31 151 100050
31 150 100051
31 149 100052
31 148 100053
31 147 100054
31 146 100055
31 145 100056
31 144 100057
31 143 100058
31 142 100059
31 141 100060
31 140 100061
31 139 100062
31 138 100063
31 137 100064
31 136 100065
31 135 100066
31 134 100067
31 133 100068
31 132 100069
31 131 100070
31 130 100071
31 129 100072
32 200 100001
32 199 100002
32 198 100003
32 197 100004
32 196 100005
32 195 100006
32 194 100007
32 193 100008
32 192 100009
32 191 100010
32 190 100011
32 189 100012
32 188 100013
32 187 100014
32 186 100015
32 185 100016
32 184 100017
32 183 100018
32 182 100019
32 181 100020
32 180 100021
32 179 100022
32 178 100023
32 177 100024
32 176 100025
32 175 100026
32 174 100027
32 173 100028
32 172 100029
32 171 100030
32 170 100031
32 169 100032
32 168 100033
32 167 100034
32 166 100035
32 165 100036
32 164 100037
32 163 100038
32 162 100039
32 161 100040
32 160 100041
32 159 100042
32 158 100043
32 157 100044
32 156 100045
32 155 100046
32 154 100047
32 153 100048
32 152 100049
32 151 100050
32 150 100051
32 149 100052
32 148 100053
32 147 100054
32 146 100055
32 145 100056
32 144 100057
32 143 100058
32 142 100059
32 141 100060
32 140 100061
32 139 100062
32 138 100063
32 137 100064
32 136 100065
32 135 100066
32 134 100067
32 133 100068
33 200 100001
33 199 100002
33 198 100003
33 197 100004
33 196 100005
33 195 100006
33 194 100007
33 193 100008
33 192 100009
33 191 100010
33 190 100011
33 189 100012
33 188 100013
33 187 100014
33 186 100015
33 185 100016
33 184 100017
33 183 100018
33 182 100019
33 181 100020
33 180 100021
33 179 100022
33 178 100023
33 177 100024
33 176 100025
33 175 100026
33 174 100027
33 173 100028
33 172 100029
33 171 100030
33 170 100031
33 169 100032
33 168 100033
33 167 100034
33 166 100035
33 165 100036
33 164 100037
33 163 100038
33 162 100039
33 161 100040
33 160 100041
33 159 100042
33 158 100043
33 157 100044
33 156 100045
33 155 100046
33 154 100047
33 153 100048
33 152 100049
33 151 100050
33 150 100051
33 149 100052
33 148 100053
33 147 100054
33 146 100055
33 145 100056
33 144 100057
33 143 100058
33 142 100059
33 141 100060
33 140 100061
33 139 100062
33 138 100063
33 137 100064
34 200 100001
34 199 100002
34 198 100003
34 197 100004
34 196 100005
34 195 100006
34 194 100007
34 193 100008
34 192 100009
34 191 100010
34 190 100011
34 189 100012
34 188 100013
34 187 100014
34 186 100015
34 185 100016
34 184 100017
34 183 100018
34 182 100019
34 181 100020
34 180 100021
34 179 100022
34 178 100023
34 177 100024
34 176 100025
34 175 100026
34 174 100027
34 173 100028
34 172 100029
34 171 100030
34 170 100031
34 169 100032
34 168 100033
34 167 100034
34 166 100035
34 165 100036
34 164 100037
34 163 100038
34 162 100039
34 161 100040
34 160 100041
34 159 100042
34 158 100043
34 157 100044
34 156 100045
34 155 100046
34 154 100047
34 153 100048
34 152 100049
34 151 100050
34 150 100051
34 149 100052
34 148 100053
34 147 100054
34 146 100055
34 145 100056
34 144 100057
34 143 100058
34 142 100059
34 141 100060
35 200 100001
35 199 100002
35 198 100003
35 197 100004
35 196 100005
35 195 100006
35 194 100007
35 193 100008
35 192 100009
35 191 100010
35 190 100011
35 189 100012
35 188 100013
35 187 100014
35 186 100015
35 185 100016
35 184 100017
35 183 100018
35 182 100019
35 181 100020
35 180 100021
35 179 100022
35 178 100023
35 177 100024
35 176 100025
35 175 100026
35 174 100027
35 173 100028
35 172 100029
35 171 100030
35 170 100031
35 169 100032
35 168 100033
35 167 100034
35 166 100035
35 165 100036
35 164 100037
35 163 100038
35 162 100039
35 161 100040
35 160 100041
35 159 100042
35 158 100043
35 157 100044
35 156 100045
35 155 100046
35 154 100047
35 153 100048
35 152 100049
35 151 100050
35 150 100051
35 149 100052
35 148 100053
35 147 100054
35 146 100055
35 145 100056
36 200 100001
36 199 100002
36 198 100003
36 197 100004
36 196 100005
36 195 100006
36 194 100007
36 193 100008
36 192 100009
36 191 100010
36 190 100011
36 189 100012
36 188 100013
36 187 100014
36 186 100015
36 185 100016
36 184 100017
36 183 100018
36 182 100019
36 181 100020
36 180 100021
36 179 100022
36 178 100023
36 177 100024
36 176 100025
36 175 100026
36 174 100027
36 173 100028
36 172 100029
36 171 100030
36 170 100031
36 169 100032
36 168 100033
36 167 100034
36 166 100035
36 165 100036
36 164 100037
36 163 100038
36 162 100039
36 161 100040
36 160 100041
36 159 100042
36 158 100043
36 157 100044
36 156 100045
36 155 100046
36 154 100047
36 153 100048
36 152 100049
36 151 100050
36 150 100051
36 149 100052
37 200 100001
37 199 100002
37 198 100003
37 197 100004
37 196 100005
37 195 100006
37 194 100007
37 193 100008
37 192 100009
37 191 100010
37 190 100011
37 189 100012
37 188 100013
37 187 100014
37 186 100015
37 185 100016
37 184 100017
37 183 100018
37 182 100019
37 181 100020
37 180 100021
37 179 100022
37 178 100023
37 177 100024
37 176 100025
37 175 100026
37 174 100027
37 173 100028
37 172 100029
37 171 100030
37 170 100031
37 169 100032
37 168 100033
37 167 100034
37 166 100035
37 165 100036
37 164 100037
37 163 100038
37 162 100039
37 161 100040
37 160 100041
37 159 100042
37 158 100043
37 157 100044
37 156 100045
37 155 100046
37 154 100047
37 153 100048
38 200 100001
38 199 100002
38 198 100003
38 197 100004
38 196 100005
38 195 100006
38 194 100007
38 193 100008
38 192 100009
38 191 100010
38 190 100011
38 189 100012
38 188 100013
38 187 100014
38 186 100015
38 185 100016
38 184 100017
38 183 100018
38 182 100019
38 181 100020
38 180 100021
38 179 100022
38 178 100023
38 177 100024
38 176 100025
38 175 100026
38 174 100027
38 173 100028
38 172 100029
38 171 100030
38 170 100031
38 169 100032
38 168 100033
38 167 100034
38 166 100035
38 165 100036
38 164 100037
38 163 100038
38 162 100039
38 161 100040
38 160 100041
38 159 100042
38 158 100043
38 157 100044
39 200 100001
39 199 100002
39 198 100003
39 197 100004
39 196 100005
39 195 100006
39 194 100007
39 193 100008
39 192 100009
39 191 100010
39 190 100011
39 189 100012
39 188 100013
39 187 100014
39 186 100015
39 185 100016
39 184 100017
39 183 100018
39 182 100019
39 181 100020
39 180 100021
39 179 100022
39 178 100023
39 177 100024
39 176 100025
39 175 100026
39 174 100027
39 173 100028
39 172 100029
39 171 100030
39 170 100031
39 169 100032
39 168 100033
39 167 100034
39 166 100035
39 165 100036
39 164 100037
39 163 100038
39 162 100039
39 161 100040
40 200 100001
40 199 100002
40 198 100003
40 197 100004
40 196 100005
40 195 100006
40 194 100007
40 193 100008
40 192 100009
40 191 100010
40 190 100011
40 189 100012
40 188 100013
40 187 100014
40 186 100015
40 185 100016
40 184 100017
40 183 100018
40 182 100019
40 181 100020
40 180 100021
40 179 100022
40 178 100023
40 177 100024
40 176 100025
40 175 100026
40 174 100027
40 173 100028
40 172 100029
40 171 100030
40 170 100031
40 169 100032
40 168 100033
40 167 100034
40 166 100035
40 165 100036
41 200 100001
41 199 100002
41 198 100003
41 197 100004
41 196 100005
41 195 100006
41 194 100007
41 193 100008
41 192 100009
41 191 100010
41 190 100011
41 189 100012
41 188 100013
41 187 100014
41 186 100015
41 185 100016
41 184 100017
41 183 100018
41 182 100019
41 181 100020
41 180 100021
41 179 100022
41 178 100023
41 177 100024
41 176 100025
41 175 100026
41 174 100027
41 173 100028
41 172 100029
41 171 100030
41 170 100031
41 169 100032
42 200 100001
42 199 100002
42 198 100003
42 197 100004
42 196 100005
42 195 100006
42 194 100007
42 193 100008
42 192 100009
42 191 100010
42 190 100011
42 189 100012
42 188 100013
42 187 100014
42 186 100015
42 185 100016
42 184 100017
42 183 100018
42 182 100019
42 181 100020
42 180 100021
42 179 100022
42 178 100023
42 177 100024
42 176 100025
42 175 100026
42 174 100027
42 173 100028
43 200 100001
43 199 100002
43 198 100003
43 197 100004
43 196 100005
43 195 100006
43 194 100007
43 193 100008
43 192 100009
43 191 100010
43 190 100011
43 189 100012
43 188 100013
43 187 100014
43 186 100015
43 185 100016
43 184 100017
43 183 100018
43 182 100019
43 181 100020
43 180 100021
43 179 100022
43 178 100023
43 177 100024
44 200 100001
44 199 100002
44 198 100003
44 197 100004
44 196 100005
44 195 100006
44 194 100007
44 193 100008
44 192 100009
44 191 100010
44 190 100011
44 189 100012
44 188 100013
44 187 100014
44 186 100015
44 185 100016
44 184 100017
44 183 100018
44 182 100019
44 181 100020
45 200 100001
45 199 100002
45 198 100003
45 197 100004
45 196 100005
45 195 100006
45 194 100007
45 193 100008
45 192 100009
45 191 100010
45 190 100011
45 189 100012
45 188 100013
45 187 100014
45 186 100015
45 185 100016
46 200 100001
46 199 100002
46 198 100003
46 197 100004
46 196 100005
46 195 100006
46 194 100007
46 193 100008
46 192 100009
46 191 100010
46 190 100011
46 189 100012
47 200 100001
47 199 100002
47 198 100003
47 197 100004
47 196 100005
47 195 100006
47 194 100007
47 193 100008
48 200 100001
48 199 100002
48 198 100003
48 197 100004
48 196 0
47 192 0
46 188 0
45 184 0
44 180 0
43 176 0
42 172 0
41 168 0
40 164 0
39 160 0
38 156 0
37 152 0
36 148 0
35 144 0
34 140 0
33 136 0
32 132 0
31 128 0
30 124 0
29 120 0
28 116 0
27 112 0
26 108 0
25 104 0
24 100 0
23 96 0
22 92 0
21 88 0
20 84 0
19 80 0
18 76 0
17 72 0
16 68 0
15 64 0
14 60 0
13 56 0
12 52 0
11 48 0
10 44 0
9 40 0
8 36 0
7 32 0
6 28 0
5 24 0
4 20 0
3 16 0
2 12 0
1 8 0
0 0 0
Case Number 5: 0
